1339.3583000000 5.8671407737 -6.4845819833 -41.4570179088 0.0028371007 0.0000711792 -0.0099238619 0.9999467300
1339.6083000000 5.8422742112 -6.4692352955 -41.4584619746 0.0018948299 0.0009652104 -0.0198705107 0.9998003005
1339.8583000000 5.7932482296 -6.4447505600 -41.4549087627 -0.0032478888 -0.0047965901 -0.0334316489 0.9994242186
1340.1083000000 5.7219030084 -6.4425356738 -41.4501088954 -0.0133500197 -0.0005183859 -0.0722925725 0.9972939848
1340.3583000000 5.6111373661 -6.4745433582 -41.4438464947 -0.0165719903 -0.0035836505 -0.1267062853 0.9917953639
1340.6083000000 5.4389271516 -6.5280420417 -41.4617053023 -0.0147466127 -0.0016133326 -0.1752292903 0.9844158828
1340.8583000000 5.2587954470 -6.5445219260 -41.4793494180 -0.0127339211 -0.0081056056 -0.2227130360 0.9747671773
1341.1083000000 5.0191423741 -6.5318980279 -41.4619571722 0.0037997749 0.0038829229 -0.2480036670 0.9687438597
1341.3583000000 4.7843971073 -6.4969146476 -41.4906321589 -0.0059777043 0.0054111270 -0.2227001468 0.9748536461
1341.6083000000 4.5912875025 -6.4880406586 -41.4827612524 -0.0207135670 0.0238396875 -0.2299099306 0.9726993581
1341.8583000000 4.3976345467 -6.5058321438 -41.4819911838 -0.0221874406 0.0281449317 -0.2449440368 0.9688746044
1342.1083000000 4.2650757998 -6.4919583652 -41.5101503526 -0.0120004031 0.0311163263 -0.2469101847 0.9684643128
1342.3583000000 4.1267825221 -6.4636994703 -41.5053534794 0.0102336986 0.0065856601 -0.2272133032 0.9737689743
1342.6083000000 4.0004222798 -6.4310724037 -41.5425588373 -0.0196119848 0.0044900293 -0.1893368087 0.9817060571
1342.8583000000 3.8985389246 -6.4126954277 -41.5326104909 -0.0225714070 0.0031252854 -0.1972097177 0.9800964705
1343.1083000000 3.7812958620 -6.4169661462 -41.5453849845 -0.0069614394 -0.0009251769 -0.2250959199 0.9743113000
1343.3583000000 3.6972531283 -6.3683666230 -41.5738939971 -0.0166207766 0.0204149770 -0.2397857470 0.9704688424
1343.6083000000 3.5935756908 -6.3105543056 -41.5703179525 -0.0030507430 -0.0010694474 -0.2069140321 0.9783537870
1343.8583000000 3.5339125696 -6.2264531735 -41.6114390597 -0.0142625820 -0.0004689183 -0.1662607755 0.9859785563
1344.1083000000 3.4905336691 -6.1575570129 -41.5940783845 -0.0187831687 -0.0036712412 -0.1524179767 0.9881307985
1344.3583000000 3.4279355784 -6.1145517075 -41.6249181849 0.0093709844 -0.0118763401 -0.1596432506 0.9870588482
1344.6083000000 3.3624112427 -6.0396882089 -41.6363776609 -0.0026430677 0.0061952206 -0.1418871152 0.9898599295
1344.8583000000 3.2478064015 -5.9859121962 -41.6473266089 0.0228706147 -0.0149066246 -0.0645742804 0.9975394177
1345.1083000000 3.1520853930 -5.9263993889 -41.6829757543 0.0220155531 0.0082192160 -0.0149483697 0.9996120778
1345.3583000000 3.0335220706 -5.9251110317 -41.6712033032 0.0225002739 -0.0075982490 -0.0169032787 0.9995750514
1345.6083000000 2.9102187255 -5.9245053895 -41.7200756619 0.0192917836 0.0036381820 -0.0516654142 0.9984714696
1345.8583000000 2.7467561592 -5.9494094768 -41.7123843943 0.0358894805 -0.0109425369 -0.0458381407 0.9982439937
1346.1083000000 2.5725755360 -6.0028230774 -41.7687560799 0.0219225063 -0.0121505058 -0.0062751474 0.9996661400
1346.3583000000 2.4016043996 -6.1200725111 -41.7492933016 0.0288735559 -0.0243394002 0.0301877789 0.9988306210
1346.6083000000 2.2031222042 -6.2969867980 -41.8044449983 0.0314053709 -0.0039240782 0.0356757921 0.9988621237
1346.8583000000 1.9829627351 -6.4753478925 -41.8123605649 0.0312361397 -0.0137954637 0.0505151879 0.9981393713
1347.1083000000 1.7234171876 -6.6860524869 -41.8598421236 0.0335116163 -0.0183370364 0.0912010771 0.9950995368
1347.3583000000 1.4769000683 -6.9228245842 -41.8806355560 0.0174656523 -0.0139946608 0.1074438770 0.9939592113
1347.6083000000 1.2034971039 -7.2094839476 -41.9072860372 0.0114915934 -0.0099864145 0.0746989211 0.9970899087
1347.8583000000 0.9251405621 -7.4523956076 -41.9520992567 0.0096230410 -0.0041905845 0.0346364883 0.9993448603
1348.1083000000 0.6003323046 -7.7097049814 -41.9734013289 0.0306632729 -0.0183850411 0.0670090129 0.9971116017
1348.3583000000 0.2965588081 -7.9696895956 -42.0307723779 0.0131143468 -0.0054363505 0.1115209658 0.9936606736
1348.6083000000 -0.0149706704 -8.2898429627 -42.0233929404 0.0117335849 -0.0252196910 0.1160455677 0.9928543279
1348.8583000000 -0.3427488383 -8.5861236368 -42.0983546965 -0.0075938371 -0.0084977776 0.1238696376 0.9922330544
1349.1083000000 -0.7035668741 -8.8753460679 -42.1077342503 0.0167955687 -0.0067604832 0.1479299842 0.9888321013
1349.3583000000 -1.0866141584 -9.1697291087 -42.1829622144 0.0294655624 -0.0249901756 0.2001348411 0.9790062906
1349.6083000000 -1.4515569230 -9.4799398661 -42.1898908615 0.0199626111 -0.0300863394 0.2143329592 0.9760930739
1349.8584000000 -1.8302040084 -9.8346184300 -42.2552935939 0.0222061633 -0.0009141521 0.2099001656 0.9774701894
1350.1084000000 -2.2158075084 -10.1668083409 -42.2936663975 0.0182873312 -0.0032848169 0.2106663924 0.9773814274
1350.3584000000 -2.6263577273 -10.5292763716 -42.3397012486 0.0280805132 0.0016305024 0.2329893001 0.9720724316
1350.6084000000 -2.9980495259 -10.8507462748 -42.4013761379 0.0086482137 0.0004569391 0.2757800420 0.9611817560
1350.8584000000 -3.3499302617 -11.2091418698 -42.4024876319 0.0135331579 -0.0029603824 0.2831493228 0.9589757822
1351.1084000000 -3.7055565974 -11.5263114417 -42.4844005366 0.0106698455 0.0203994921 0.2663342555 0.9636057697
1351.3584000000 -4.0729725806 -11.8346351705 -42.5017006713 0.0197118472 -0.0010004033 0.2869154119 0.9577525718
1351.6084000000 -4.4341542321 -12.1130137984 -42.5899120280 0.0192816317 -0.0173247120 0.3209884726 0.9467282997
1351.8584000000 -4.7640103249 -12.3946756804 -42.5929904539 0.0231568407 -0.0151202734 0.3431501764 0.9388733112
1352.1084000000 -5.0845356279 -12.6822156470 -42.6732657140 0.0462709269 -0.0021300253 0.3223796373 0.9454765115
1352.3584000000 -5.4304022162 -12.9585603694 -42.7101886584 0.0429181982 0.0039684750 0.3284842764 0.9435254949
1352.6084000000 -5.7926758521 -13.2563949446 -42.7817178750 0.0176648243 0.0122600663 0.3558460675 0.9342971802
1352.8584000000 -6.1283973924 -13.4935715476 -42.8323645667 0.0191245544 0.0033003694 0.3451121539 0.9383607836
1353.1084000000 -6.4536552837 -13.7495934785 -42.8659614238 0.0535280148 -0.0090436550 0.2847477203 0.9570641043
1353.3584000000 -6.8384417801 -13.9557729110 -42.9429712144 0.0249090691 0.0129839561 0.2312706371 0.9724838547
1353.6084000000 -7.2753098406 -14.1669011045 -42.9589293284 0.0400485923 0.0071963505 0.2244018308 0.9736468257
1353.8584000000 -7.7190064585 -14.3076425009 -43.0446454445 0.0255705147 0.0138446096 0.1915864055 0.9810449148
1354.1084000000 -8.1680222167 -14.4380736933 -43.0644058576 0.0343400922 -0.0108149259 0.1187609513 0.9922699390
1354.3584000000 -8.6523751419 -14.5015648253 -43.1587264298 0.0374838438 -0.0033021951 0.0200991388 0.9990896264
1354.6084000000 -9.1925061242 -14.5037723156 -43.1774082405 0.0467445618 0.0059644861 -0.0312198115 0.9984010688
1354.8584000000 -9.7443513221 -14.4400595949 -43.2760809767 0.0160180658 0.0381931600 -0.0913217694 0.9949598175
1355.1084000000 -10.2468981959 -14.3405528105 -43.3015469890 0.0166835515 0.0203937227 -0.1703523739 0.9850308746
1355.3584000000 -10.7386130517 -14.1833085645 -43.3801585016 0.0137470345 0.0224577447 -0.2668529400 0.9633774843
1355.6084000000 -11.1882179581 -13.9320341671 -43.4278796760 0.0160821936 0.0235171694 -0.3398897143 0.9400336632
1355.8584000000 -11.6429357144 -13.6022750010 -43.4944471416 0.0230127961 0.0077438770 -0.3618749015 0.9319104030
1356.1084000000 -12.0481992529 -13.2437335616 -43.5419573576 0.0130280357 0.0197836713 -0.3760215395 0.9263080905
1356.3584000000 -12.4664700089 -12.8520687278 -43.5939769665 0.0092080468 0.0192402625 -0.4081827334 0.9126510178
1356.6084000000 -12.8104280168 -12.3784204471 -43.6655609782 0.0171532993 0.0330802294 -0.4472884990 0.8936131497
1356.8584000000 -13.1387499992 -11.8273056693 -43.7088133363 0.0214250324 0.0050018054 -0.4476052504 0.8939605639
1357.1084000000 -13.4181406622 -11.2662160735 -43.7852702834 0.0116151011 0.0091609106 -0.4444320566 0.8956904120
1357.3584000000 -13.7221265135 -10.6984647861 -43.8136967420 0.0145871249 -0.0105048921 -0.4643738513 0.8854568252
1357.6084000000 -13.9897639918 -10.0768457295 -43.9014966169 0.0334986788 0.0084155934 -0.4899435467 0.8710696513
1357.8584000000 -14.2707806216 -9.4074695488 -43.9263772755 0.0328137092 0.0056054068 -0.4741875127 0.8797943184
1358.1084000000 -14.5241897411 -8.7331721442 -44.0125770256 0.0224799970 0.0008907233 -0.4610587991 0.8870843478
1358.3584000000 -14.8017554410 -8.0633042363 -44.0253068197 0.0139809187 -0.0062936716 -0.4665105763 0.8843827259
1358.6084000000 -15.0704353305 -7.3524697609 -44.1191822476 0.0288134948 -0.0038986835 -0.4988998974 0.8661717354
1358.8584000000 -15.3357986239 -6.5938061989 -44.1365057144 0.0315774220 0.0028561861 -0.5075227443 0.8610548023
1359.1084000000 -15.5869011966 -5.8199557695 -44.2226138944 0.0184361538 -0.0053841407 -0.4929523050 0.8698443219
1359.3584000000 -15.8396565054 -5.0663119678 -44.2360986298 0.0120472391 -0.0133376503 -0.4897398389 0.8716833492
1359.6084000000 -16.1141642737 -4.2831552821 -44.3156642895 0.0098423565 -0.0208209348 -0.5193196264 0.8542697129
1359.8584000000 -16.3626764164 -3.4531988640 -44.3530138986 0.0174880576 -0.0007795033 -0.5336882443 0.8455000994
1360.1084000000 -16.6120452934 -2.5845876947 -44.4301507296 0.0174225209 -0.0069291478 -0.5185752473 0.8548263891
1360.3584000000 -16.8339340250 -1.7356717650 -44.4689139895 0.0172558458 0.0011308080 -0.5216082090 0.8530098671
1360.6084000000 -17.0797819612 -0.8819958795 -44.5266485702 0.0150995911 -0.0043993843 -0.5322964789 0.8464119011
1360.8584000000 -17.2742179902 -0.0040174054 -44.5918988158 0.0238227218 0.0026301634 -0.5651101161 0.8246672765
1361.1084000000 -17.4695212124 0.9040455306 -44.6431971489 0.0244770456 -0.0187828751 -0.5481612110 0.8358034246
1361.3584000000 -17.6397586615 1.7754346671 -44.7073410235 0.0183800812 -0.0025710666 -0.5232073368 0.8520033128
1361.6084000000 -17.8575720739 2.6292177901 -44.7465058657 0.0086816313 -0.0113471215 -0.5016529765 0.8649509600
1361.8584000000 -18.0325265522 3.5128500709 -44.8333711848 0.0178408719 -0.0183659177 -0.5116223642 0.8588288262
1362.1084000000 -18.2285821084 4.4475976070 -44.8659446213 0.0306605568 0.0001942375 -0.5136066631 0.8574777479
1362.3584000000 -18.3983018712 5.3619182142 -44.9569456699 0.0225208803 0.0063604739 -0.5081960234 0.8609234322
1362.6084000000 -18.5835305702 6.2329897924 -44.9735873797 0.0127170684 0.0005180501 -0.5288385604 0.8486269998
1362.8584000000 -18.7500595199 7.1095947632 -45.0735685871 0.0194703719 -0.0061135473 -0.5565129337 0.8305882757
1363.1084000000 -18.9028480399 8.0036103000 -45.1026348015 0.0344344954 -0.0097266832 -0.5519134113 0.8331333888
1363.3584000000 -19.0525111784 8.8911740498 -45.2061260930 0.0307526164 -0.0093343721 -0.5351504653 0.8441452041
1363.6084000000 -19.2069994595 9.7333890249 -45.2272766388 0.0194588014 -0.0080527806 -0.5364390922 0.8436762460
1363.8584000000 -19.3791310270 10.5841741557 -45.3234939956 0.0231926761 -0.0113402619 -0.5691971196 0.8217956786
1364.1084000000 -19.5261434352 11.4560468306 -45.3687848062 0.0297704867 -0.0114497064 -0.5872249428 0.8087950846
1364.3584000000 -19.6714558219 12.3465680000 -45.4598789989 0.0202891048 -0.0253386240 -0.5749202135 0.8175653213
1364.6084000000 -19.8138230054 13.2019590954 -45.5057354789 0.0168567507 -0.0134688418 -0.5779504112 0.8157865913
1364.8584000000 -19.9743580325 14.0622917794 -45.5922058680 0.0227986691 -0.0043485351 -0.5942288350 0.8039610703
1365.1084000000 -20.0695496230 14.9273711681 -45.6644795482 0.0243847019 0.0001068016 -0.6223298475 0.7823751887
1365.3584000000 -20.1595787007 15.8253589930 -45.7476582287 0.0315162758 -0.0218530899 -0.6160070914 0.7868064757
1365.6084000000 -20.2325779008 16.6811997865 -45.8293020308 0.0305882035 -0.0165575881 -0.6161125663 0.7868897723
1365.8584000000 -20.3462551200 17.5417091034 -45.8945608778 0.0127271051 -0.0355126698 -0.6445770128 0.7636081100
1366.1084000000 -20.4059722219 18.4228927612 -45.9996649854 0.0257266659 -0.0075826195 -0.6880990198 0.7251209427
1366.3584000000 -20.4478142958 19.3395926890 -46.0560464713 0.0335998422 -0.0163341308 -0.6804907874 0.7318036178
1366.6084000000 -20.4620506177 20.2395712827 -46.1647839465 0.0248928884 -0.0134215827 -0.6772944507 0.7351683020
1366.8584000000 -20.4975288747 21.1328883798 -46.2054114161 -0.0052750374 -0.0153770150 -0.6858738100 0.7275388912
1367.1084000000 -20.4951827333 22.0391410603 -46.3335588959 0.0002431433 -0.0091274829 -0.7031436371 0.7109892092
1367.3584000000 -20.4347300050 22.9683302094 -46.3931815768 0.0272745206 0.0028502868 -0.7229970855 0.6903065918
1367.6085000000 -20.3292790265 23.8934503140 -46.5141121077 0.0213153385 0.0080738651 -0.7362633678 0.6763111136
1367.8585000000 -20.2104769182 24.7468663350 -46.5814687966 0.0193589649 0.0066527914 -0.7463287982 0.6652625766
1368.1085000000 -20.0804460437 25.5931041629 -46.6885561654 0.0238920942 0.0207115816 -0.7720696349 0.6347508780
1368.3585000000 -19.8749153460 26.3851251088 -46.7875222214 0.0220151869 0.0219224956 -0.7936349456 0.6076004517
1368.6085000000 -19.6252031814 27.1604284979 -46.8943465926 0.0112253195 0.0083084172 -0.7868940963 0.6169300152
1368.8585000000 -19.3680452495 27.8588959804 -46.9975956826 0.0068690282 0.0157709249 -0.7900829771 0.6127585035
1369.1085000000 -19.1271970009 28.5495707960 -47.1043369903 0.0085822319 -0.0003587666 -0.8036818915 0.5949971714
1369.3585000000 -18.8210393651 29.2060701275 -47.2315103896 0.0161362343 0.0017471276 -0.8164328680 0.5772122153
1369.6085000000 -18.4699321292 29.8930330514 -47.3254462321 0.0293780725 0.0138441222 -0.8270742357 0.5611537025
1369.8585000000 -18.0790229039 30.5304172105 -47.4639120503 0.0232029531 0.0108344952 -0.8498004428 0.5264821404
1370.1085000000 -17.6826995966 31.1553544340 -47.5392790133 -0.0104238135 -0.0088899008 0.8978970289 -0.4399923173
1370.3585000000 -17.2198549946 31.7489173418 -47.6888453368 -0.0391981776 -0.0298714659 0.9458759036 -0.3207646697
1370.6085000000 -16.6970427385 32.2845535238 -47.7754503992 -0.0348347330 -0.0190159497 0.9616625458 -0.2713486374
1370.8585000000 -16.1395385720 32.7633536053 -47.9354308427 -0.0291002131 -0.0145362593 0.9646490572 -0.2615226017
1371.1085000000 -15.5845537548 33.1977203349 -48.0238506200 -0.0198671478 -0.0248001652 0.9749301146 -0.2202306061
1371.3585000000 -15.0034045459 33.6087022930 -48.1758605584 -0.0043110007 -0.0136340038 0.9828733243 -0.1837268559
1371.6085000000 -14.3796897004 33.9475678205 -48.2994507397 -0.0032672913 -0.0153672694 0.9878309753 -0.1547356976
1371.8585000000 -13.6940350015 34.2640831451 -48.4470959568 -0.0075364456 0.0041068058 0.9865679410 -0.1631258226
1372.1085000000 -13.0150949660 34.5355600554 -48.5824723687 -0.0095352215 -0.0047834156 0.9912353422 -0.1316764776
1372.3585000000 -12.3005150755 34.8205043397 -48.7081021076 0.0163399372 -0.0066536909 0.9961158279 -0.0862669826
1372.6085000000 -11.5655660882 35.0221975956 -48.8732597551 -0.0108847448 -0.0116159881 0.9998249151 -0.0098351525
1372.8585000000 -10.7787008270 35.1854864304 -49.0077841528 0.0045490335 0.0093903286 0.9999287608 0.0057966753
1373.1085000000 -10.0057601469 35.3002936051 -49.1817370789 -0.0070088970 -0.0020448862 0.9990058078 0.0439782887
1373.3585000000 -9.2007973363 35.4145185764 -49.2866322212 0.0114244890 -0.0157428384 0.9935068797 0.1120969403
1373.6085000000 -8.3938198262 35.4607686024 -49.4720046270 -0.0183826246 -0.0169410709 0.9813705443 0.1904912964
1373.8585000000 -7.5742514019 35.4408540654 -49.5915523829 0.0028324449 -0.0086040848 0.9774140471 0.2111391187
1374.1085000000 -6.7390780401 35.3709390028 -49.7862874972 0.0061342129 -0.0118674412 0.9770568349 0.2125593484
1374.3585000000 -5.9169172644 35.2803264926 -49.9082562649 0.0036108923 -0.0168641870 0.9731512312 0.2295195894
1374.6085000000 -5.0807601557 35.1558184943 -50.0975395664 0.0184230555 -0.0116666071 0.9645353107 0.2630515457
1374.8585000000 -4.2532604945 34.9668388374 -50.2499050049 0.0315690063 0.0087756645 0.9595990238 0.2794567928
1375.1085000000 -3.3820940462 34.7420305179 -50.4475840893 0.0310091846 0.0102310070 0.9632423025 0.2666421266
1375.3585000000 -2.5217309979 34.5263109791 -50.6052518172 0.0294225790 -0.0015067088 0.9632571423 0.2669601457
1375.6085000000 -1.6095407297 34.3129522509 -50.7784811921 0.0213282612 -0.0032413546 0.9633932926 0.2672226836
1375.8585000000 -0.7276851439 34.0585610299 -50.9608535512 -0.0045023246 -0.0045395254 0.9583034313 0.2856810379
1376.1085000000 0.1720828666 33.7647079086 -51.1302035570 0.0070576924 0.0093319228 0.9656166025 0.2597069139
1376.3585000000 1.0133553191 33.4864202776 -51.3379749245 -0.0132010442 0.0039870260 0.9707114875 0.2398521297
1376.6085000000 1.8570138896 33.2217970251 -51.4744176084 0.0126191022 -0.0167893983 0.9692990219 0.2449862863
1376.8585000000 2.6700853465 32.9130306556 -51.6952653842 -0.0123226191 -0.0071187990 0.9560491068 0.2928610270
1377.1085000000 3.4728490839 32.5579092972 -51.8422055097 -0.0007251430 -0.0034629423 0.9564866141 0.2917547586
1377.3585000000 4.2652230171 32.1789620087 -52.0721155995 0.0167830818 -0.0070976973 0.9628237457 0.2695150935
1377.6085000000 5.0371610160 31.8139872829 -52.2200461289 0.0270618281 -0.0115311234 0.9620005356 0.2714583949
1377.8585000000 5.8290323988 31.4378745384 -52.4216114952 0.0317687031 -0.0172680565 0.9535324831 0.2991126334
1378.1085000000 6.5969645089 31.0225901773 -52.5991086540 0.0093300482 -0.0106344633 0.9535550454 0.3008864134
1378.3585000000 7.3809595331 30.5806454864 -52.7976750077 0.0252927192 0.0010597650 0.9680982513 0.2492888506
1378.6085000000 8.1271627829 30.1447266722 -52.9862657389 0.0029014978 -0.0021104834 0.9773253456 0.2117127676
1378.8585000000 8.8887058061 29.7140895885 -53.1800630290 -0.0105254108 -0.0055270981 0.9753281735 0.2204396082
1379.1085000000 9.5853268441 29.2352259189 -53.3993937515 -0.0083420602 0.0075303683 0.9624398211 0.2712624086
1379.3585000000 10.2865727651 28.7334320079 -53.5825445589 0.0331379379 0.0246854636 0.9691329245 0.2430511872
1379.6085000000 10.9353273709 28.2529070931 -53.8028421253 -0.0006032897 0.0102066298 0.9721328774 0.2342074495
1379.8585000000 11.6099108112 27.7976369675 -53.9688958470 0.0229829394 -0.0130062002 0.9657315055 0.2581962092
1380.1085000000 12.2342292195 27.3062280791 -54.2134208353 -0.0131008073 -0.0067708761 0.9532700238 0.3017594833
1380.3585000000 12.8475535372 26.7897722523 -54.3996281764 -0.0069929490 0.0026673923 0.9526965710 0.3038309188
1380.6085000000 13.3987926730 26.2646344126 -54.6537291005 -0.0062396349 -0.0051084733 0.9508930557 0.3094145554
1380.8585000000 13.9212373148 25.7542480712 -54.8294638560 -0.0040195644 -0.0023326067 0.9463903760 0.3229917311
1381.1085000000 14.4169760007 25.2256395022 -55.0799603111 -0.0175985488 0.0058748049 0.9207127516 0.3897997008
1381.3585000000 14.8605106388 24.6510232203 -55.2833968431 0.0036653994 0.0093381245 0.9002352695 0.4352882078
1381.6085000000 15.3013955517 24.0387173325 -55.5297791904 0.0164842390 0.0078034657 0.8931380703 0.4494126870
1381.8585000000 15.7124591776 23.4347521584 -55.7370997971 0.0244932086 -0.0001560741 0.8772744577 0.4793637286
1382.1085000000 16.1607614068 22.8106010034 -55.9582207648 0.0335026659 -0.0115247701 0.8640933355 0.5020831192
1382.3585000000 16.5612103327 22.1448743001 -56.1972353774 0.0195013175 -0.0006332014 0.8423750382 0.5385383855
1382.6085000000 16.9710832856 21.4171659669 -56.4093440983 0.0304066979 -0.0045636880 0.8480811699 0.5289734725
1382.8585000000 17.3440405143 20.6969636306 -56.6616868160 0.0090752850 -0.0024664270 0.8494071887 0.5276542274
1383.1085000000 17.7318426169 19.9790096009 -56.8486465003 0.0229336335 -0.0284367274 0.8459947424 0.5319382453
1383.3585000000 18.0807175215 19.2293951121 -57.1147156939 0.0120775645 -0.0133263853 0.8276960801 0.5608883480
1383.6085000000 18.3977033272 18.4328484005 -57.3199820160 0.0163030545 -0.0100808624 0.8277447453 0.5607773384
1383.8585000000 18.6971337796 17.6234643578 -57.5880905134 0.0164886272 -0.0153669652 0.8377068392 0.5456548662
1384.1085000000 18.9907326283 16.8452928209 -57.7825340879 0.0266497983 -0.0218130692 0.8433692928 0.5362296283
1384.3585000000 19.2890784372 16.0634621599 -58.0413915910 0.0291324653 -0.0039188031 0.8325156947 0.5532210774
1384.6085000000 19.5585921233 15.2609094802 -58.2637081706 0.0241952752 -0.0006107599 0.8271336205 0.5614839174
1384.8585000000 19.8321604647 14.4337481980 -58.5231219413 0.0246560700 -0.0037031919 0.8324853835 0.5534857278
1385.1085000000 20.0708688492 13.6407938548 -58.7459619675 0.0116874393 -0.0032592309 0.8409371329 0.5409967835
1385.3585000000 20.3382592081 12.8570182752 -58.9794157794 0.0180636563 -0.0009855457 0.8371719186 0.5466405690
1385.6086000000 20.5428961764 12.0608507226 -59.2279951881 0.0162802820 0.0058575335 0.8239285807 0.5664294622
1385.8586000000 20.7580510756 11.2241891697 -59.4497369578 0.0278588453 -0.0006944622 0.8351883057 0.5492575867
1386.1086000000 20.9477625603 10.4055852477 -59.7100879106 0.0101432056 -0.0022154360 0.8503195500 0.5261642995
1386.3586000000 21.1603559162 9.6080000548 -59.9071035575 0.0277044857 -0.0157792684 0.8468561676 0.5308654326
1386.6086000000 21.3369925067 8.7931268526 -60.1837868666 0.0113308622 0.0062688182 0.8284694077 0.5598845899
1386.8586000000 21.4947916095 7.9526604691 -60.3951128103 0.0220833216 0.0094943260 0.8322820024 0.5538310692
1387.1086000000 21.6343965098 7.1206161815 -60.6705754342 0.0223881888 -0.0048181670 0.8464661562 0.5319498103
1387.3586000000 21.7732847590 6.3261836099 -60.8752066743 0.0294437571 -0.0136427859 0.8454809353 0.5330186935
1387.6086000000 21.9102557468 5.5297435897 -61.1338924766 0.0160069537 -0.0034039182 0.8239310706 0.5664536889
1387.8586000000 21.9992481096 4.7285384743 -61.3656796219 0.0066400563 0.0052769318 0.8162558062 0.5776283602
1388.1086000000 22.0798008735 3.9224286132 -61.6169751713 0.0150796932 0.0085673216 0.8321929054 0.5542149151
1388.3586000000 22.1099136416 3.1634417202 -61.8652599910 0.0159238515 0.0004857621 0.8406710443 0.5413117311
1388.6086000000 22.1600527530 2.4222606473 -62.1031177243 0.0005723478 -0.0069643595 0.8389016887 0.5442381160
1388.8586000000 22.1358027140 1.6855616065 -62.3710705171 -0.0008670618 0.0012505181 0.8178870438 0.5753768052
1389.1086000000 22.0823934725 0.9366098788 -62.6020021370 0.0058099939 -0.0040297512 0.8208833477 0.5710521294
1389.3586000000 21.9620614309 0.2274284800 -62.8795523693 0.0027999717 -0.0111282484 0.8259972485 0.5635573332
1389.6086000000 21.8153711675 -0.4250580874 -63.1125747318 0.0198830897 -0.0203869726 0.8153115099 0.5783218619
