1339.3559000000 5.8959888682 -6.4550063225 -41.4119940055 0.0000000000 0.0000000000 0.0000000000 1.0000000000
1339.6059000000 5.9070923774 -6.3952377449 -41.4209940552 0.0000000000 0.0000000000 0.0000000000 1.0000000000
1339.8559000000 5.9404029849 -6.3098540586 -41.4439941093 0.0000000000 0.0000000000 0.0000000000 1.0000000000
1340.1059000000 5.9404028584 -6.2159319569 -41.3909942011 0.0000000000 0.0000000000 0.0000000000 1.0000000000
1340.3559000000 5.8959885307 -6.0963948163 -41.3669943574 0.0000000000 0.0000000000 0.0000000000 1.0000000000
1340.6059000000 5.8182635263 -5.9341658714 -41.3539945826 0.0000000000 0.0000000000 0.0000000000 1.0000000000
1340.8559000000 5.7849528000 -5.7890136798 -41.3999947464 0.0000000000 0.0000000000 0.0000000000 1.0000000000
1341.1059000000 5.7183313078 -5.5584777778 -41.3909950106 0.0000000000 0.0000000000 0.0000000000 1.0000000000
1341.3559000000 5.6961241246 -5.3962488289 -41.4309951700 0.0000000000 0.0000000000 0.0000000000 1.0000000000
1341.6059000000 5.6517098411 -5.2340198967 -41.4759953450 0.0000000000 0.0000000000 0.0000000000 1.0000000000
1341.8559000000 5.5295706785 -5.0376375420 -41.5269956106 0.0000000000 0.0000000000 0.0000000000 1.0000000000
1342.1060000000 5.4518457405 -4.8839469804 -41.5599957963 0.0000000000 0.0000000000 0.0000000000 1.0000000000
1342.3560000000 5.3408102487 -4.6619496065 -41.7629960567 0.0000000000 0.0000000000 0.0000000000 1.0000000000
1342.6060000000 5.2519816935 -4.4484904220 -41.7559962823 0.0000000000 0.0000000000 0.0000000000 1.0000000000
1342.8560000000 5.1076354072 -4.2606463824 -41.7629965291 0.0000000000 0.0000000000 0.0000000000 1.0000000000
1343.1060000000 4.9299784319 -4.0215721291 -41.7599968233 0.0000000000 0.0000000000 0.0000000000 1.0000000000
1343.3560000000 4.8078393013 -3.8934966585 -41.7809969967 0.0000000000 0.0000000000 0.0000000000 1.0000000000
1343.6060000000 4.6857001659 -3.6971142436 -41.8369972038 0.0000000000 0.0000000000 0.0000000000 1.0000000000
1343.8560000000 4.5191467996 -3.5092701902 -41.8589974310 0.0000000000 0.0000000000 0.0000000000 1.0000000000
1344.1060000000 4.3636969700 -3.3811946799 -41.8119976078 0.0000000000 0.0000000000 0.0000000000 1.0000000000
1344.3560000000 4.1194187417 -3.1762739078 -41.8439978759 0.0000000000 0.0000000000 0.0000000000 1.0000000000
1344.6060000000 3.9195547226 -3.0311216784 -41.8289980730 0.0000000000 0.0000000000 0.0000000000 1.0000000000
1344.8560000000 3.6974836355 -2.8774311081 -41.8769982783 0.0000000000 0.0000000000 0.0000000000 1.0000000000
1345.1060000000 3.5087232014 -2.7152021407 -41.9209984552 0.0000000000 0.0000000000 0.0000000000 1.0000000000
1345.3560000000 3.2644449592 -2.5188196675 -41.8989986661 0.0000000000 0.0000000000 0.0000000000 1.0000000000
1345.6060000000 3.0978916471 -2.3736674219 -41.9579988035 0.0000000000 0.0000000000 0.0000000000 1.0000000000
1345.8560000000 2.8425098081 -2.1260546693 -41.8529990110 0.0000000000 0.0000000000 0.0000000000 1.0000000000
1346.1060000000 2.6537493289 -1.9467488771 -41.7709991493 0.0000000000 0.0000000000 0.0000000000 1.0000000000
1346.3560000000 2.3983675417 -1.7759814677 -41.6839993014 0.0000000000 0.0000000000 0.0000000000 1.0000000000
1346.6060000000 2.1429858201 -1.6222908319 -41.7409994336 0.0000000000 0.0000000000 0.0000000000 1.0000000000
1346.8560000000 1.9320182413 -1.4429850110 -41.5999995427 0.0000000000 0.0000000000 0.0000000000 1.0000000000
1347.1060000000 1.6544294153 -1.2209873783 -41.6809996680 0.0000000000 0.0000000000 0.0000000000 1.0000000000
1347.3560000000 1.4212547640 -1.0331431807 -41.5829997562 0.0000000000 0.0000000000 0.0000000000 1.0000000000
1347.6060000000 1.1658730199 -0.8709140994 -41.4659998335 0.0000000000 0.0000000000 0.0000000000 1.0000000000
1347.8560000000 0.9882161457 -0.7257617497 -41.3159998816 0.0000000000 0.0000000000 0.0000000000 1.0000000000
1348.1060000000 0.7661450799 -0.5379175373 -41.1879999314 0.0000000000 0.0000000000 0.0000000000 1.0000000000
1348.3560000000 0.5440740306 -0.4354570583 -41.0709999612 0.0000000000 0.0000000000 0.0000000000 1.0000000000
1348.6060000000 0.2664852307 -0.3244582011 -40.8409999854 0.0000000000 0.0000000000 0.0000000000 1.0000000000
1348.8560000000 0.1221390633 -0.2561512145 -40.8159999927 0.0000000000 0.0000000000 0.0000000000 1.0000000000
1349.1060000000 -0.0777248527 -0.1622291016 -40.5799999968 0.0000000000 0.0000000000 0.0000000000 1.0000000000
1349.3560000000 -0.3553136135 -0.0512302438 -40.5229999893 0.0000000000 0.0000000000 0.0000000000 1.0000000000
1349.6060000000 -0.5884881661 0.0085383749 -40.4499999719 0.0000000000 0.0000000000 0.0000000000 1.0000000000
1349.8560000000 -0.8771804607 0.0683069952 -40.3559999392 0.0000000000 0.0000000000 0.0000000000 1.0000000000
1350.1060000000 -1.0881479020 0.1195372431 -40.3009999055 0.0000000000 0.0000000000 0.0000000000 1.0000000000
1350.3560000000 -1.3879437391 0.1622291201 -40.2329998458 0.0000000000 0.0000000000 0.0000000000 1.0000000000
1350.6060000000 -1.6322218298 0.1707675005 -40.2109997893 0.0000000000 0.0000000000 0.0000000000 1.0000000000
1350.8560000000 -1.9098105527 0.1878442535 -40.1309997100 0.0000000000 0.0000000000 0.0000000000 1.0000000000
1351.1060000000 -2.1985028088 0.1963826343 -40.0279996152 0.0000000000 0.0000000000 0.0000000000 1.0000000000
1351.3560000000 -2.4871950730 0.2219977665 -39.9719995091 0.0000000000 0.0000000000 0.0000000000 1.0000000000
1351.6060000000 -2.7647838332 0.2476129044 -40.0289993942 0.0000000000 0.0000000000 0.0000000000 1.0000000000
1351.8560000000 -3.0423725480 0.2049210303 -39.9779992692 0.0000000000 0.0000000000 0.0000000000 1.0000000000
1352.1060000000 -3.3199612737 0.1622291545 -39.9579991302 0.0000000000 0.0000000000 0.0000000000 1.0000000000
1352.3560000000 -3.6086534692 0.1451524026 -39.7989989744 0.0000000000 0.0000000000 0.0000000000 1.0000000000
1352.6060000000 -3.9417598731 0.1451524065 -39.6879987774 0.0000000000 0.0000000000 0.0000000000 1.0000000000
1352.8560000000 -4.2082450142 0.1622291652 -39.6379986063 0.0000000000 0.0000000000 0.0000000000 1.0000000000
1353.1060000000 -4.5191442890 0.1451524138 -39.5089983922 0.0000000000 0.0000000000 0.0000000000 1.0000000000
1353.3560000000 -4.7967329411 0.2219978148 -39.4289981873 0.0000000000 0.0000000000 0.0000000000 1.0000000000
1353.6060000000 -5.0632180805 0.3500734881 -39.4059979753 0.0000000000 0.0000000000 0.0000000000 1.0000000000
1353.8560000000 -5.3297031511 0.4866875421 -39.3059977490 0.0000000000 0.0000000000 0.0000000000 1.0000000000
1354.1060000000 -5.5739812030 0.6830702580 -39.3139975215 0.0000000000 0.0000000000 0.0000000000 1.0000000000
1354.3560000000 -5.7738451327 0.8965297489 -39.4059973172 0.0000000000 0.0000000000 0.0000000000 1.0000000000
1354.6060000000 -5.9626053371 1.1441427397 -39.3159971027 0.0000000000 0.0000000000 0.0000000000 1.0000000000
1354.8560000000 -6.1180549686 1.4515244030 -39.3249968932 0.0000000000 0.0000000000 0.0000000000 1.0000000000
1355.1060000000 -6.2624009601 1.7418292956 -39.2489966795 0.0000000000 0.0000000000 0.0000000000 1.0000000000
1355.3560000000 -6.3956434030 2.0577493341 -39.1939964538 0.0000000000 0.0000000000 0.0000000000 1.0000000000
1355.6060000000 -6.4067468150 2.3565925838 -39.1449963387 0.0000000000 0.0000000000 0.0000000000 1.0000000000
1355.8560000000 -6.4622644329 2.7322812777 -39.1489961332 0.0000000000 0.0000000000 0.0000000000 1.0000000000
1356.1060000000 -6.5066784557 3.0482012950 -39.1009959449 0.0000000000 0.0000000000 0.0000000000 1.0000000000
1356.3560000000 -6.5399888714 3.4324283303 -39.0379957149 0.0000000000 0.0000000000 0.0000000000 1.0000000000
1356.6060000000 -6.5955064240 3.7227332133 -38.9909954949 0.0000000000 0.0000000000 0.0000000000 1.0000000000
1356.8560000000 -6.5177813480 4.0728066683 -38.9289953619 0.0000000000 0.0000000000 0.0000000000 1.0000000000
1357.1060000000 -6.5510918431 4.3972651025 -38.9609951124 0.0000000000 0.0000000000 0.0000000000 1.0000000000
1357.3560000000 -6.5399880349 4.7473385927 -38.9119948722 0.0000000000 0.0000000000 0.0000000000 1.0000000000
1357.6060000000 -6.5510913367 5.1059504969 -38.8989945853 0.0000000000 0.0000000000 0.0000000000 1.0000000000
1357.8560000000 -6.5177804359 5.4474856057 -38.8779943371 0.0000000000 0.0000000000 0.0000000000 1.0000000000
1358.1060000000 -6.5399873447 5.7804824443 -38.9359940212 0.0000000000 0.0000000000 0.0000000000 1.0000000000
1358.3560000000 -6.6288154264 6.1561711789 -38.9319935792 0.0000000000 0.0000000000 0.0000000000 1.0000000000
1358.6060000000 -6.6177116503 6.4977063789 -38.9849932528 0.0000000000 0.0000000000 0.0000000000 1.0000000000
1358.8560000000 -6.5510900021 6.8477797991 -38.9319929544 0.0000000000 0.0000000000 0.0000000000 1.0000000000
1359.1061000000 -6.4844684090 7.1722381208 -38.9229926673 0.0000000000 0.0000000000 0.0000000000 1.0000000000
1359.3561000000 -6.5177785711 7.5052347396 -38.7669922518 0.0000000000 0.0000000000 0.0000000000 1.0000000000
1359.6061000000 -6.5621923788 7.8553082741 -38.7399917849 0.0000000000 0.0000000000 0.0000000000 1.0000000000
1359.8561000000 -6.4955707339 8.1968433426 -38.7389914238 0.0000000000 0.0000000000 0.0000000000 1.0000000000
1360.1061000000 -6.4400526286 8.5639935999 -38.7729909990 0.0000000000 0.0000000000 0.0000000000 1.0000000000
1360.3561000000 -6.4289487228 8.8884519882 -38.7869905667 0.0000000000 0.0000000000 0.0000000000 1.0000000000
1360.6061000000 -6.3845340450 9.2385253472 -38.7149901137 0.0000000000 0.0000000000 0.0000000000 1.0000000000
1360.8561000000 -6.3845335981 9.5373684728 -38.6369896747 0.0000000000 0.0000000000 0.0000000000 1.0000000000
1361.1061000000 -6.2290835061 9.9130569857 -38.6849892573 0.0000000000 0.0000000000 0.0000000000 1.0000000000
1361.3561000000 -6.2401866606 10.2119002381 -38.6869887751 0.0000000000 0.0000000000 0.0000000000 1.0000000000
1361.6061000000 -6.2401861871 10.5790505463 -38.7159881770 0.0000000000 0.0000000000 0.0000000000 1.0000000000
1361.8561000000 -6.1846678917 10.8608166625 -38.5489877582 0.0000000000 0.0000000000 0.0000000000 1.0000000000
1362.1061000000 -6.1513567815 11.2194285763 -38.6019871719 0.0000000000 0.0000000000 0.0000000000 1.0000000000
1362.3561000000 -6.0958385615 11.5438868513 -38.6009866471 0.0000000000 0.0000000000 0.0000000000 1.0000000000
1362.6061000000 -6.0292167048 11.8768833603 -38.5349861003 0.0000000000 0.0000000000 0.0000000000 1.0000000000
1362.8561000000 -6.0625269013 12.2184187190 -38.6379854241 0.0000000000 0.0000000000 0.0000000000 1.0000000000
1363.1061000000 -5.9514908188 12.5599535302 -38.5769848661 0.0000000000 0.0000000000 0.0000000000 1.0000000000
1363.3561000000 -5.9514902633 12.8758734440 -38.5479842375 0.0000000000 0.0000000000 0.0000000000 1.0000000000
1363.6061000000 -5.8071435593 13.2003314567 -38.5059837086 0.0000000000 0.0000000000 0.0000000000 1.0000000000
1363.8561000000 -5.8071430013 13.5504050641 -38.5689829750 0.0000000000 0.0000000000 0.0000000000 1.0000000000
1364.1061000000 -5.7960389142 13.8577866656 -38.5839823256 0.0000000000 0.0000000000 0.0000000000 1.0000000000
1364.3561000000 -5.6516922697 14.1993217336 -38.6909817047 0.0000000000 0.0000000000 0.0000000000 1.0000000000
1364.6061000000 -5.6294845027 14.4896262027 -38.5489810734 0.0000000000 0.0000000000 0.0000000000 1.0000000000
1364.8561000000 -5.5184483992 14.8396995606 -38.5949803664 0.0000000000 0.0000000000 0.0000000000 1.0000000000
1365.1061000000 -5.3629982786 15.1129275311 -38.6829798603 0.0000000000 0.0000000000 0.0000000000 1.0000000000
1365.3561000000 -5.2075479669 15.4373855468 -38.6829792119 0.0000000000 0.0000000000 0.0000000000 1.0000000000
1365.6061000000 -5.0965119941 15.7191519881 -38.7769786147 0.0000000000 0.0000000000 0.0000000000 1.0000000000
1365.8561000000 -4.9521651776 16.0521483657 -38.7689779011 0.0000000000 0.0000000000 0.0000000000 1.0000000000
1366.1061000000 -4.8300256832 16.2912227656 -38.8129773889 0.0000000000 0.0000000000 0.0000000000 1.0000000000
1366.3561000000 -4.6301611918 16.5559117703 -38.7209768580 0.0000000000 0.0000000000 0.0000000000 1.0000000000
1366.6061000000 -4.4302968104 16.8035242856 -38.7369763521 0.0000000000 0.0000000000 0.0000000000 1.0000000000
1366.8561000000 -4.2304323330 17.0511364380 -38.6209758334 0.0000000000 0.0000000000 0.0000000000 1.0000000000
1367.1061000000 -4.0749821643 17.2560568986 -38.5449753843 0.0000000000 0.0000000000 0.0000000000 1.0000000000
1367.3561000000 -3.8084965520 17.4865926083 -38.6119749227 0.0000000000 0.0000000000 0.0000000000 1.0000000000
1367.6061000000 -3.5531144487 17.7000512603 -38.5629744829 0.0000000000 0.0000000000 0.0000000000 1.0000000000
1367.8561000000 -3.3088359695 17.8964333794 -38.5879740663 0.0000000000 0.0000000000 0.0000000000 1.0000000000
1368.1061000000 -3.0201433237 18.1013540484 -38.7159736329 0.0000000000 0.0000000000 0.0000000000 1.0000000000
1368.3561000000 -2.7536578013 18.2721210311 -38.7619732675 0.0000000000 0.0000000000 0.0000000000 1.0000000000
1368.6061000000 -2.4649651823 18.4428879801 -38.8179728945 0.0000000000 0.0000000000 0.0000000000 1.0000000000
1368.8561000000 -2.2428938163 18.6221934511 -38.8729724564 0.0000000000 0.0000000000 0.0000000000 1.0000000000
1369.1061000000 -2.0097186873 18.8698055299 -38.8099718071 0.0000000000 0.0000000000 0.0000000000 1.0000000000
1369.3561000000 -1.7876472693 19.0576491718 -38.8029713167 0.0000000000 0.0000000000 0.0000000000 1.0000000000
1369.6061000000 -1.5544723539 19.2113388834 -38.6639709167 0.0000000000 0.0000000000 0.0000000000 1.0000000000
1369.8561000000 -1.3101939920 19.3308751739 -38.5619706112 0.0000000000 0.0000000000 0.0000000000 1.0000000000
1370.1061000000 -0.9770872500 19.4674886009 -38.6669702559 0.0000000000 0.0000000000 0.0000000000 1.0000000000
1370.3561000000 -0.6883948013 19.5614104697 -38.8359700078 0.0000000000 0.0000000000 0.0000000000 1.0000000000
1370.6061000000 -0.3774954265 19.5784863777 -38.8239699817 0.0000000000 0.0000000000 0.0000000000 1.0000000000
1370.8561000000 -0.0888032151 19.5699472727 -38.8269700180 0.0000000000 0.0000000000 0.0000000000 1.0000000000
1371.1061000000 0.2220960264 19.5357929856 -38.8259701190 0.0000000000 0.0000000000 0.0000000000 1.0000000000
1371.3561000000 0.5552023724 19.5016389803 -38.9349702026 0.0000000000 0.0000000000 0.0000000000 1.0000000000
1371.6061000000 0.8549979670 19.4247929578 -38.9609704035 0.0000000000 0.0000000000 0.0000000000 1.0000000000
1371.8561000000 1.1881040866 19.2967167834 -39.0369707382 0.0000000000 0.0000000000 0.0000000000 1.0000000000
1372.1061000000 1.4990031647 19.1857174180 -39.1139710078 0.0000000000 0.0000000000 0.0000000000 1.0000000000
1372.3561000000 1.8210056869 19.0405642744 -39.0979713590 0.0000000000 0.0000000000 0.0000000000 1.0000000000
1372.6061000000 2.0652833664 18.8868730733 -39.1179717388 0.0000000000 0.0000000000 0.0000000000 1.0000000000
1372.8561000000 2.3317680810 18.7075667036 -39.1319721748 0.0000000000 0.0000000000 0.0000000000 1.0000000000
1373.1061000000 2.5316315058 18.5111840255 -39.2349726712 0.0000000000 0.0000000000 0.0000000000 1.0000000000
1373.3561000000 2.7759090579 18.3062624897 -39.2029731587 0.0000000000 0.0000000000 0.0000000000 1.0000000000
1373.6061000000 2.9757724242 18.0842646125 -39.2679737019 0.0000000000 0.0000000000 0.0000000000 1.0000000000
1373.8561000000 3.1423250519 17.8451897202 -39.2029742935 0.0000000000 0.0000000000 0.0000000000 1.0000000000
1374.1061000000 3.2755668634 17.5292696121 -39.1389751029 0.0000000000 0.0000000000 0.0000000000 1.0000000000
1374.3561000000 3.3977052966 17.2816565093 -39.0829757122 0.0000000000 0.0000000000 0.0000000000 1.0000000000
1374.6061000000 3.5309472779 16.9828137122 -39.2239764414 0.0000000000 0.0000000000 0.0000000000 1.0000000000
1374.8561000000 3.6197750194 16.7095855648 -39.1549771112 0.0000000000 0.0000000000 0.0000000000 1.0000000000
1375.1061000000 3.7086028544 16.4107429481 -39.3279778354 0.0000000000 0.0000000000 0.0000000000 1.0000000000
1375.3561000000 3.7974306664 16.1631299010 -39.2519784156 0.0000000000 0.0000000000 0.0000000000 1.0000000000
1375.6061000000 3.9195690197 15.8472099901 -39.2299791324 0.0000000000 0.0000000000 0.0000000000 1.0000000000
1375.8561000000 3.9972933153 15.5995970569 -39.1819796941 0.0000000000 0.0000000000 0.0000000000 1.0000000000
1376.1061000000 4.0750175034 15.2666006745 -39.2229804493 0.0000000000 0.0000000000 0.0000000000 1.0000000000
1376.3561000000 4.1416382113 15.0019109579 -39.1379810332 0.0000000000 0.0000000000 0.0000000000 1.0000000000
1376.6061000000 4.2415695156 14.7116060702 -39.0449816435 0.0000000000 0.0000000000 0.0000000000 1.0000000000
1376.8561000000 4.3081902742 14.4298398759 -39.0619822403 0.0000000000 0.0000000000 0.0000000000 1.0000000000
1377.1062000000 4.3637074133 14.1139201780 -39.0509829093 0.0000000000 0.0000000000 0.0000000000 1.0000000000
1377.3562000000 4.4081209820 13.7809237555 -39.0319836056 0.0000000000 0.0000000000 0.0000000000 1.0000000000
1377.6062000000 4.4858451814 13.4650038410 -38.9319842240 0.0000000000 0.0000000000 0.0000000000 1.0000000000
1377.8562000000 4.5635693972 13.1405456362 -38.8609848439 0.0000000000 0.0000000000 0.0000000000 1.0000000000
1378.1062000000 4.6523972422 12.8331642698 -38.8449854058 0.0000000000 0.0000000000 0.0000000000 1.0000000000
1378.3562000000 4.7412250082 12.5001676874 -38.7639860011 0.0000000000 0.0000000000 0.0000000000 1.0000000000
1378.6062000000 4.8522599333 12.2184012044 -38.6439864630 0.0000000000 0.0000000000 0.0000000000 1.0000000000
1378.8562000000 4.9966055648 11.8939431591 -38.6839869630 0.0000000000 0.0000000000 0.0000000000 1.0000000000
1379.1062000000 5.0632263629 11.6207152165 -38.6039874134 0.0000000000 0.0000000000 0.0000000000 1.0000000000
1379.3562000000 5.1520541563 11.2791803172 -38.5169879547 0.0000000000 0.0000000000 0.0000000000 1.0000000000
1379.6062000000 5.2075713803 10.9974139812 -38.3969884010 0.0000000000 0.0000000000 0.0000000000 1.0000000000
1379.8562000000 5.3075028826 10.6985710851 -38.4059888269 0.0000000000 0.0000000000 0.0000000000 1.0000000000
1380.1062000000 5.3630200532 10.3997279530 -38.2289892724 0.0000000000 0.0000000000 0.0000000000 1.0000000000
1380.3562000000 5.4407443974 10.1094232900 -38.1229896717 0.0000000000 0.0000000000 0.0000000000 1.0000000000
1380.6062000000 5.5184688475 9.8191188153 -38.1299900589 0.0000000000 0.0000000000 0.0000000000 1.0000000000
1380.8562000000 5.6072966971 9.5373524091 -37.9449904089 0.0000000000 0.0000000000 0.0000000000 1.0000000000
1381.1062000000 5.6628140732 9.2555863244 -37.9379907735 0.0000000000 0.0000000000 0.0000000000 1.0000000000
1381.3562000000 5.6628135945 8.9738200966 -37.7789911751 0.0000000000 0.0000000000 0.0000000000 1.0000000000
1381.6062000000 5.6295025804 8.6579006657 -37.7659916407 0.0000000000 0.0000000000 0.0000000000 1.0000000000
1381.8562000000 5.6072950519 8.3761345126 -37.6289920364 0.0000000000 0.0000000000 0.0000000000 1.0000000000
1382.1062000000 5.5739839904 8.0431382805 -37.5539924926 0.0000000000 0.0000000000 0.0000000000 1.0000000000
1382.3562000000 5.5295694868 7.7699106442 -37.5099928704 0.0000000000 0.0000000000 0.0000000000 1.0000000000
1382.6062000000 5.4518442918 7.4539911927 -37.4379933142 0.0000000000 0.0000000000 0.0000000000 1.0000000000
1382.8562000000 5.3852227176 7.1722252220 -37.3989936930 0.0000000000 0.0000000000 0.0000000000 1.0000000000
1383.1062000000 5.3630153059 6.8733824675 -37.3459940410 0.0000000000 0.0000000000 0.0000000000 1.0000000000
1383.3562000000 5.3074973360 6.5745398212 -37.3669944015 0.0000000000 0.0000000000 0.0000000000 1.0000000000
1383.6062000000 5.2519793486 6.2756971362 -37.3559947486 0.0000000000 0.0000000000 0.0000000000 1.0000000000
1383.8562000000 5.1853578464 5.9853928336 -37.3579950820 0.0000000000 0.0000000000 0.0000000000 1.0000000000
1384.1062000000 5.1631504633 5.7036267684 -37.2629953574 0.0000000000 0.0000000000 0.0000000000 1.0000000000
1384.3562000000 5.1520467397 5.3791690256 -37.3339956491 0.0000000000 0.0000000000 0.0000000000 1.0000000000
1384.6062000000 5.1409429722 5.1059413670 -37.2919958828 0.0000000000 0.0000000000 0.0000000000 1.0000000000
1384.8562000000 5.0965286512 4.7900220065 -37.3719961636 0.0000000000 0.0000000000 0.0000000000 1.0000000000
1385.1062000000 5.0965284692 4.5253327157 -37.3469963561 0.0000000000 0.0000000000 0.0000000000 1.0000000000
1385.3562000000 5.1076317808 4.2008748532 -37.2869965677 0.0000000000 0.0000000000 0.0000000000 1.0000000000
1385.6062000000 5.0854245611 3.9447239632 -37.2959967497 0.0000000000 0.0000000000 0.0000000000 1.0000000000
1385.8562000000 5.0521137280 3.6288044992 -37.2449969639 0.0000000000 0.0000000000 0.0000000000 1.0000000000
1386.1062000000 5.0299064700 3.3214234037 -37.2089971478 0.0000000000 0.0000000000 0.0000000000 1.0000000000
1386.3562000000 5.0299062813 3.0311190041 -37.1239972925 0.0000000000 0.0000000000 0.0000000000 1.0000000000
1386.6062000000 4.9854920129 2.7151995898 -37.1609974690 0.0000000000 0.0000000000 0.0000000000 1.0000000000
1386.8562000000 4.9299741473 2.4078185026 -37.1109976356 0.0000000000 0.0000000000 0.0000000000 1.0000000000
1387.1062000000 4.8522492392 2.0918990748 -37.1069978064 0.0000000000 0.0000000000 0.0000000000 1.0000000000
1387.3562000000 4.8522491587 1.8101330736 -37.0969978930 0.0000000000 0.0000000000 0.0000000000 1.0000000000
1387.6062000000 4.7856278278 1.4942136359 -37.1029980250 0.0000000000 0.0000000000 0.0000000000 1.0000000000
1387.8562000000 4.7634207137 1.2380627367 -37.1309980973 0.0000000000 0.0000000000 0.0000000000 1.0000000000
1388.1062000000 4.7079029060 0.9648350958 -37.0699981853 0.0000000000 0.0000000000 0.0000000000 1.0000000000
1388.3562000000 4.6745921657 0.7257609039 -36.9609982423 0.0000000000 0.0000000000 0.0000000000 1.0000000000
1388.6062000000 4.6745921695 0.4696099988 -36.9929982655 0.0000000000 0.0000000000 0.0000000000 1.0000000000
1388.8562000000 4.6523850906 0.2476125461 -37.0209982937 0.0000000000 0.0000000000 0.0000000000 1.0000000000
1389.1062000000 4.5857638158 0.0341534549 -37.0139983479 0.0000000000 0.0000000000 0.0000000000 1.0000000000
1389.3562000000 4.5191425798 -0.1451521859 -37.0549983924 0.0000000000 0.0000000000 0.0000000000 1.0000000000
1389.6062000000 4.4858320011 -0.3159194679 -37.1259984098 0.0000000000 0.0000000000 0.0000000000 1.0000000000
