1202.1075000000 -0.0001994278 0.0255579645 -25.1427316764 0.0001695623 0.0002042063 -0.0003976983 0.9999998857
1202.3575000000 0.0095353032 0.0245982073 -25.1446516124 0.0003030048 0.0004553569 -0.0008065671 0.9999995251
1202.6075000000 0.0192701788 0.0133441896 -25.1461556938 0.0004019575 0.0006552868 -0.0012154146 0.9999989659
1202.8575000000 0.0343916119 -0.0038948715 -25.1472956500 0.0005178093 0.0008896495 -0.0015534110 0.9999982637
1203.1075000000 0.0537457622 -0.0260350541 -25.1487560925 0.0006246711 0.0011641163 -0.0019554978 0.9999972153
1203.3575000000 0.0756205457 -0.0500406444 -25.1513006948 0.0012193009 0.0152529372 -0.0047118698 0.9998718215
1203.6075000000 0.1083152863 -0.0772621923 -25.1866084800 -0.0099499723 -0.0090249729 -0.0060996583 0.9998911651
1203.8575000000 0.1407711360 -0.0811135047 -25.2748416355 -0.0578030617 -0.0255623695 -0.0527944783 0.9966032884
1204.1075000000 0.1824421929 -0.0208509823 -25.3402590443 -0.0569265492 -0.0010586283 -0.1354886609 0.9891415824
1204.3575000000 0.2339174613 0.0866577360 -25.3763177003 -0.0170960873 -0.0162963109 -0.1867739019 0.9821189661
1204.6075000000 0.3004156626 0.1902184445 -25.3748781040 0.0158025119 -0.0147898305 -0.2817601554 0.9592407187
1204.8575000000 0.3351818305 0.2499009473 -25.3562791417 0.0173479186 -0.0100099688 -0.3464546887 0.9378528663
1205.1075000000 0.3384172565 0.2580125188 -25.3541631442 0.0357722107 -0.0178045158 -0.3750479330 0.9261438312
1205.3575000000 0.3337715454 0.2022410638 -25.3694127237 0.0211967477 -0.0085167385 -0.3970026798 0.9175331249
1205.6075000000 0.3045712024 0.1189725526 -25.4058344765 -0.0242155273 -0.0930114749 -0.3987886541 0.9119923701
1205.8575000000 0.2541744005 0.0676336423 -25.4442350699 0.0249153886 0.0126383838 -0.4940010086 0.8690123694
1206.1075000000 0.2002258080 0.0214410796 -25.5060644282 -0.0912074151 -0.1710508259 -0.4979160973 0.8452824276
1206.3575000000 0.0708618004 0.1120309789 -25.6011654314 -0.1322239981 -0.2343590290 -0.4978038888 0.8244901140
1206.6075000000 -0.1641916959 0.4076185485 -25.7736329562 -0.1464533036 -0.2575223862 -0.4957681084 0.8163624398
1206.8575000000 -0.5007466303 0.9171402257 -26.0340966351 -0.0898823386 -0.1572472738 -0.4995932825 0.8471133408
1207.1075000000 -0.8780872752 1.5119473350 -26.3357133229 0.0127157810 -0.0127809358 -0.4775395046 0.8784252832
1207.3575000000 -1.2316426384 2.0549206033 -26.6474995641 0.0209792574 -0.0153460106 -0.4538244140 0.8907119467
1207.6075000000 -1.5641688501 2.5115178954 -26.9953762127 0.0126814356 -0.0230772262 -0.4141474561 0.9098288342
1207.8575000000 -1.8712865626 2.8577638000 -27.3857815865 -0.0298367200 0.0033150078 -0.3756259434 0.9262850163
1208.1075000000 -2.1092930982 3.1597039941 -27.7308751149 -0.0941550869 0.0290292106 -0.3557852588 0.9293594429
1208.3575000000 -2.2039588974 3.4753950092 -28.0111909600 -0.0993234351 0.0238375985 -0.2924826032 0.9507999532
1208.6075000000 -2.1969251374 3.8368925689 -28.2979232957 -0.0874560670 0.0247883363 -0.2233855468 0.9704822885
1208.8575000000 -2.1354254554 4.2425310140 -28.5836913322 -0.0729124698 0.0179198066 -0.1510216550 0.9856749525
1209.1075000000 -2.0339186731 4.6597540821 -28.8751690808 -0.0626243847 -0.0007620734 -0.0820638659 0.9946572915
1209.3575000000 -1.9311886240 5.0777478370 -29.1708592314 -0.0451786381 -0.0132416881 -0.0608463458 0.9970362434
1209.6075000000 -1.8426081704 5.4850442145 -29.4737337876 -0.0357920491 -0.0213743148 -0.0692937557 0.9967248584
1209.8575000000 -1.7792944497 5.8684650122 -29.7436301089 -0.0644257036 -0.0211865906 -0.0899284399 0.9936364188
1210.1075000000 -1.7497831983 6.2731200090 -30.0073961561 -0.0681825425 -0.0266144996 -0.1061718177 0.9916503186
1210.3576000000 -1.8088484292 6.7163101091 -30.2828940911 -0.0734675318 -0.0256128010 -0.1051357215 0.9914095956
1210.6076000000 -1.9331638571 7.1691273392 -30.5828954585 -0.0807196019 -0.0417662976 -0.0864950332 0.9920980453
1210.8576000000 -2.0952623492 7.6168196786 -30.8512143505 -0.0723570429 -0.0631916361 -0.0925635772 0.9910616831
1211.1076000000 -2.3151725915 8.0798869711 -31.1250675723 -0.0598041348 -0.0796672995 -0.1059740217 0.9893665112
1211.3576000000 -2.5951773459 8.5697919776 -31.4095714396 -0.0578089008 -0.0592613463 -0.1089934893 0.9905890385
1211.6076000000 -2.9607483593 9.0773424063 -31.6951090603 -0.0471967388 -0.0802317328 -0.0759107702 0.9927602389
1211.8576000000 -3.3604950186 9.5717132781 -32.0060376157 -0.0557332300 -0.0643307353 -0.0330178899 0.9958238712
1212.1076000000 -3.8343094456 10.0403236303 -32.2738261330 -0.0580569096 -0.0804641987 -0.0217409091 0.9948277443
1212.3576000000 -4.3584960439 10.5130355693 -32.6056762714 -0.0544681963 -0.0611416301 -0.0228606766 0.9963795994
1212.6076000000 -4.9228991762 10.9943929443 -32.9113097577 -0.0438274585 -0.0774750408 -0.0206625203 0.9958161639
1212.8576000000 -5.5224798379 11.4722304942 -33.2485479481 -0.0403205141 -0.0964135013 0.0211528959 0.9942993754
1213.1076000000 -6.1638190345 11.9196046705 -33.5780967840 -0.0502507210 -0.0890684972 0.0304932564 0.9942896103
1213.3576000000 -6.8639804209 12.3410617117 -33.9108206116 -0.0531768778 -0.0976160956 0.0332967414 0.9932445039
1213.6076000000 -7.5971734872 12.7495531218 -34.2726166088 -0.0541611153 -0.0878164107 0.0404510676 0.9938403105
1213.8576000000 -8.3779869957 13.1566815833 -34.6115251969 -0.0415252659 -0.1004199343 0.0753928521 0.9912151164
1214.1076000000 -9.1910806245 13.5409540192 -34.9836745556 -0.0580748099 -0.0826002831 0.1176862292 0.9879040749
1214.3576000000 -10.0380729636 13.8740802055 -35.3388267604 -0.0490621739 -0.0982197434 0.1225309622 0.9863731284
1214.6076000000 -10.9239532291 14.1796708028 -35.7207519287 -0.0580218849 -0.0900442419 0.1191209037 0.9870844471
1214.8576000000 -11.8140695144 14.4925883409 -36.1192810939 -0.0476327890 -0.0783570588 0.1180921595 0.9887595919
1215.1076000000 -12.7384727046 14.7946744110 -36.5160569971 -0.0419074245 -0.0835422521 0.1537534642 0.9836789782
1215.3576000000 -13.6493213573 15.0545338013 -36.9288746726 -0.0529587709 -0.0765147522 0.1924950766 0.9768758912
1215.6076000000 -14.5771419842 15.2580337935 -37.3101416171 -0.0548969201 -0.1269381172 0.1996981100 0.9700483016
1215.8576000000 -15.5589897505 15.4544051618 -37.7532846015 -0.0828633419 -0.1015294070 0.1249705819 0.9834672337
1216.1076000000 -16.5748136298 15.7009669696 -38.1772350288 -0.0419865054 -0.0772303556 0.0335803843 0.9955626366
1216.3576000000 -17.5979628084 15.9510918337 -38.6359799291 -0.0529371993 -0.0386116023 -0.0204224832 0.9976420797
1216.6076000000 -18.5181396524 16.2161085489 -39.0685216566 -0.0581079611 -0.0087759928 -0.0375183873 0.9975664476
1216.8576000000 -19.3905055747 16.4246292475 -39.4840900104 -0.0570414500 -0.0247092431 -0.0824128949 0.9946576502
1217.1076000000 -20.1604483876 16.6531401498 -39.9468393698 -0.0351300086 0.0181454201 -0.1573208569 0.9867556811
1217.3576000000 -20.8630857236 16.8774798451 -40.3468900866 -0.0172689300 0.0018033824 -0.1549674758 0.9877669833
1217.6076000000 -21.5253410465 17.0697729562 -40.7650167088 -0.0292198373 -0.0091714066 -0.1005019581 0.9944654055
1217.8576000000 -22.1029001240 17.2434438076 -41.1694491937 -0.0454221718 -0.0088323226 -0.0660367821 0.9967436781
1218.1076000000 -22.6326094038 17.3611227098 -41.5534633307 -0.0315579901 -0.0195701656 -0.0560144776 0.9977391844
1218.3576000000 -23.1133089369 17.4601515872 -41.9773401085 -0.0245549542 -0.0190792826 -0.0513348628 0.9981972586
1218.6076000000 -23.5704208391 17.5415677811 -42.3526457564 -0.0233222926 -0.0235191458 -0.0134840547 0.9993603458
1218.8576000000 -23.9889317964 17.6147954670 -42.7552404865 -0.0447902820 -0.0200625029 0.0694309351 0.9963787793
1219.1076000000 -24.3482556377 17.6679391592 -43.1246922218 -0.0475876555 -0.0206294300 0.1119008957 0.9923648680
1219.3576000000 -24.6687976546 17.6918758411 -43.4824736682 -0.0432178129 -0.0274516660 0.1494482852 0.9874430803
1219.6076000000 -24.9657050814 17.7041355976 -43.8677353240 -0.0604088696 -0.0192624574 0.1744867949 0.9826159395
1219.8576000000 -25.2569701950 17.7114004150 -44.2365431559 -0.0528141734 -0.0254589946 0.2354689733 0.9701117798
1220.1076000000 -25.5092653315 17.7261177888 -44.6228687432 -0.0564191587 -0.0343045339 0.2932397283 0.9537560166
1220.3576000000 -25.7144422449 17.7072952434 -44.9631494901 -0.0403182386 -0.0332196456 0.3155012477 0.9474860724
1220.6076000000 -25.8921973408 17.6545127982 -45.3392811804 -0.0429802458 -0.0249589743 0.3228289178 0.9451514365
1220.8576000000 -26.0644588207 17.5806296716 -45.6954755305 -0.0390247658 -0.0268546571 0.3453950766 0.9372609755
1221.1076000000 -26.2289523903 17.4682322318 -46.0623491083 -0.0445182660 -0.0253657350 0.3873739385 0.9204977649
1221.3576000000 -26.3691384292 17.3398730013 -46.4007653613 -0.0411286955 -0.0372238475 0.4108813706 0.9099996236
1221.6076000000 -26.4815032108 17.1630549238 -46.7365412781 -0.0299671487 -0.0353834296 0.4083345723 0.9116539146
1221.8576000000 -26.6023300183 16.9526480197 -47.0900815211 -0.0359184966 -0.0309075877 0.4128447503 0.9095679165
1222.1076000000 -26.7315493955 16.6985715669 -47.4122106857 -0.0188119254 -0.0303499345 0.4472512869 0.8936952944
1222.3576000000 -26.8455716997 16.4127533561 -47.7547651387 -0.0339791230 -0.0337911760 0.4828329212 0.8744003350
1222.6076000000 -26.9256854088 16.0848558256 -48.0512492795 -0.0187998785 -0.0394268913 0.4946562903 0.8679903451
1222.8576000000 -27.0024835007 15.7090506609 -48.3825950824 -0.0408378439 -0.0348321429 0.4881885498 0.8710860647
1223.1076000000 -27.0915099485 15.2996412948 -48.6834933925 -0.0321972404 -0.0259265366 0.4987233283 0.8657749097
1223.3576000000 -27.1864033867 14.8609736446 -49.0078942050 -0.0380938471 -0.0269719981 0.5225093235 0.8513550241
1223.6076000000 -27.2545238927 14.4072733469 -49.3003434674 -0.0442363977 -0.0355063215 0.5150464242 0.8552833584
1223.8576000000 -27.3077653474 13.9162903803 -49.5862152154 -0.0373586974 -0.0486917221 0.5041047727 0.8614591239
1224.1076000000 -27.3779075496 13.3944307206 -49.9002972066 -0.0502224350 -0.0508435008 0.4935221713 0.8667920811
1224.3576000000 -27.4828682497 12.8358635546 -50.1841396811 -0.0360892896 -0.0516404150 0.5019735496 0.8625852921
1224.6076000000 -27.5881559824 12.2653437073 -50.4999285574 -0.0536326546 -0.0501786697 0.5205159565 0.8506872389
1224.8576000000 -27.6742695771 11.6757033249 -50.7677252586 -0.0422990065 -0.0509896147 0.5258610573 0.8479864395
1225.1076000000 -27.7557389739 11.0480324640 -51.0751076938 -0.0498590393 -0.0438648463 0.5154340666 0.8543521958
1225.3576000000 -27.8573669965 10.3909725432 -51.3570655447 -0.0452461144 -0.0451576178 0.5091746026 0.8582859679
1225.6076000000 -27.9820917263 9.7114016545 -51.6522422662 -0.0559697077 -0.0473768170 0.5208005569 0.8505231384
1225.8576000000 -28.1005860064 9.0221320261 -51.9304890313 -0.0589342755 -0.0393166185 0.5208661171 0.8506935069
1226.1076000000 -28.2125808958 8.3259652194 -52.2004479855 -0.0466366626 -0.0400432157 0.5061671000 0.8602420761
1226.3576000000 -28.3352380667 7.6187684451 -52.4959990931 -0.0662710384 -0.0368951061 0.4843646073 0.8715720439
1226.6076000000 -28.4820721587 6.9050325643 -52.7649306520 -0.0514985045 -0.0387236067 0.4881024920 0.8704047011
1226.8576000000 -28.6256600852 6.2001315974 -53.0612280457 -0.0755778703 -0.0423957550 0.4885227538 0.8682373549
1227.1076000000 -28.7478442212 5.5112014320 -53.3145435496 -0.0553518855 -0.0415624058 0.4846776977 0.8719496915
1227.3577000000 -28.8672926249 4.8247017998 -53.6214366418 -0.0701692498 -0.0362951582 0.4751577536 0.8763469901
1227.6077000000 -29.0041310126 4.1390539201 -53.8852451139 -0.0516164037 -0.0407234335 0.4747269338 0.8776740210
1227.8577000000 -29.1512809368 3.4561515884 -54.1770743374 -0.0687347204 -0.0411192012 0.4855140004 0.8705520691
1228.1077000000 -29.2821084934 2.7867741523 -54.4362633246 -0.0646151467 -0.0409399343 0.4827179174 0.8724289179
1228.3577000000 -29.4046322539 2.1262674309 -54.7104519735 -0.0631991344 -0.0405429814 0.4649834596 0.8821295360
1228.6077000000 -29.5320405345 1.4730864246 -54.9909132619 -0.0735265248 -0.0410120839 0.4606576896 0.8835758893
1228.8577000000 -29.6732007441 0.8274233102 -55.2646544085 -0.0560663868 -0.0513140745 0.4767340429 0.8757557184
1229.1077000000 -29.8084530707 0.1969539612 -55.5548926571 -0.0581688387 -0.0569736311 0.4866243664 0.8698086672
1229.3577000000 -29.9271480218 -0.4449439195 -55.8162777673 -0.0467941465 -0.0545238483 0.4732126502 0.8780132376
1229.6077000000 -30.0590491879 -1.0960932981 -56.1128669667 -0.0632662797 -0.0397295793 0.4516469546 0.8890635336
1229.8577000000 -30.1998443540 -1.7567094533 -56.3693647442 -0.0508593175 -0.0417578436 0.4502014923 0.8904988650
1230.1077000000 -30.3286910492 -2.4032161100 -56.6666853045 -0.0710317252 -0.0391167392 0.4593825819 0.8845292636
1230.3577000000 -30.4318673167 -3.0282749647 -56.9128596658 -0.0660364831 -0.0443754207 0.4603438869 0.8841682593
1230.6077000000 -30.5199361617 -3.6561405972 -57.2015857679 -0.0839456292 -0.0342032380 0.4372814355 0.8947447770
1230.8577000000 -30.6316935284 -4.2621649029 -57.4663956898 -0.0713489773 -0.0358048257 0.4260012917 0.9011937846
1231.1077000000 -30.7337323707 -4.8606250530 -57.7552387074 -0.0797886385 -0.0315001339 0.4436673466 0.8920766785
1231.3577000000 -30.8064260688 -5.4129849959 -58.0273618866 -0.0695707539 -0.0472198643 0.4603149650 0.8837648599
1231.6077000000 -30.8566345299 -5.9597145629 -58.2930801110 -0.0525702848 -0.0516504422 0.4562284282 0.8868056260
1231.8577000000 -30.9280285668 -6.5022765761 -58.5863315699 -0.0709711047 -0.0421661528 0.4446060430 0.8919140005
1232.1077000000 -31.0124551204 -7.0579780857 -58.8518383304 -0.0529537037 -0.0529191407 0.4773612316 0.8755122640
1232.3577000000 -31.0939822867 -7.6042800805 -59.1595224239 -0.0690249956 -0.0419308908 0.4795019317 0.8738164841
1232.6077000000 -31.1602055393 -8.1353334428 -59.4026384541 -0.0647741584 -0.0529326512 0.4710700923 0.8781203852
1232.8577000000 -31.2255053556 -8.6654508079 -59.6930906798 -0.0758886493 -0.0431393129 0.4533069965 0.8870697151
1233.1077000000 -31.3010303198 -9.1987940809 -59.9546359200 -0.0645320918 -0.0434539532 0.4487889346 0.8902448289
1233.3577000000 -31.3761489728 -9.7319665239 -60.2524547586 -0.0673772337 -0.0426288210 0.4622588027 0.8831533792
1233.6077000000 -31.4295216497 -10.2369685269 -60.5237228983 -0.0674101791 -0.0480462583 0.4707169026 0.8783922942
1233.8577000000 -31.4610495877 -10.7353153961 -60.7895661519 -0.0598731626 -0.0488746716 0.4686876141 0.8799763584
1234.1077000000 -31.4996554316 -11.2283410223 -61.0842080831 -0.0796924343 -0.0427590887 0.4596511166 0.8834826695
1234.3577000000 -31.5563872696 -11.7172982248 -61.3486941483 -0.0666826041 -0.0484470863 0.4696946420 0.8789728400
1234.6077000000 -31.6117400087 -12.1932013455 -61.6541700849 -0.0839168809 -0.0451478974 0.4758439987 0.8743523965
1234.8577000000 -31.6442269129 -12.6558551007 -61.9171039835 -0.0685296622 -0.0548399420 0.4723507109 0.8770296871
1235.1077000000 -31.6713451025 -13.1124585341 -62.2229172428 -0.0828556560 -0.0520973293 0.4598841961 0.8825686006
1235.3577000000 -31.7167150871 -13.5618373905 -62.4998235417 -0.0700487536 -0.0541578907 0.4598878278 0.8835515156
1235.6077000000 -31.7813421342 -14.0032949495 -62.8007500197 -0.0755730973 -0.0507005442 0.4711642935 0.8773382303
1235.8577000000 -31.8381289663 -14.4332641592 -63.0897583467 -0.0857348230 -0.0520011486 0.4706046270 0.8766280316
1236.1077000000 -31.8862060783 -14.8543113203 -63.3701783700 -0.0744778210 -0.0517163259 0.4592536944 0.8836653892
1236.3577000000 -31.9497344301 -15.2713900739 -63.6838083086 -0.0890169464 -0.0510457430 0.4427034104 0.8907771920
1236.6077000000 -32.0464466883 -15.6755662009 -63.9689338761 -0.0682526214 -0.0519159861 0.4489051166 0.8894551739
1236.8577000000 -32.1420450669 -16.0640059881 -64.2933996065 -0.0928180089 -0.0489840092 0.4569973830 0.8832546496
1237.1077000000 -32.2210534896 -16.4407918149 -64.5721165075 -0.0681877278 -0.0554665500 0.4589430690 0.8841069816
1237.3577000000 -32.2958417782 -16.8176959154 -64.8943186696 -0.0854103804 -0.0494411327 0.4452846751 0.8899338174
1237.6077000000 -32.3895435888 -17.1973311697 -65.1913370329 -0.0791373647 -0.0494367520 0.4388051931 0.8937243913
1237.8577000000 -32.5002340697 -17.5733770468 -65.5221728315 -0.0885312774 -0.0589091530 0.4536943327 0.8847900186
1238.1077000000 -32.5958418975 -17.9290230839 -65.8245762475 -0.0845516534 -0.0600034465 0.4566227772 0.8835984629
1238.3577000000 -32.6751802358 -18.2795213976 -66.1350550507 -0.0728498795 -0.0618815478 0.4538198718 0.8859520828
1238.6077000000 -32.7677493874 -18.6321419160 -66.4700641520 -0.0745833961 -0.0644593962 0.4488464199 0.8881549384
1238.8577000000 -32.8776019518 -19.0055100062 -66.7803387075 -0.0622669142 -0.0726246960 0.4640557075 0.8806252241
1239.1077000000 -32.9754924980 -19.3908902536 -67.1199042085 -0.0817451012 -0.0647795366 0.4650087788 0.8791405950
1239.3577000000 -33.0554573297 -19.7782622624 -67.4138478640 -0.0638558652 -0.0670235405 0.4602735571 0.8829374418
1239.6077000000 -33.1379025013 -20.1776347411 -67.7637589567 -0.0757553504 -0.0628143862 0.4460461641 0.8895832166
1239.8577000000 -33.2366064407 -20.5964099196 -68.0715904517 -0.0586354340 -0.0651623268 0.4464333120 0.8905128045
1240.1077000000 -33.3384441978 -21.0306446540 -68.4223383649 -0.0702876427 -0.0615785305 0.4535920185 0.8862967971
1240.3577000000 -33.4172439664 -21.4689729173 -68.7254091016 -0.0588939514 -0.0681758094 0.4528740010 0.8870111052
1240.6077000000 -33.4794420240 -21.9261164255 -69.0627133515 -0.0628462901 -0.0687624063 0.4395601047 0.8933694586
1240.8577000000 -33.5579273121 -22.4037962345 -69.3833382340 -0.0588552759 -0.0673370376 0.4277047298 0.8994834317
1241.1077000000 -33.6524589188 -22.8942435258 -69.7157967041 -0.0597031330 -0.0667355481 0.4372364719 0.8948777404
1241.3577000000 -33.7266913336 -23.3889451573 -70.0357259147 -0.0759913305 -0.0661123662 0.4402330140 0.8922159862
1241.6077000000 -33.7847813957 -23.8862832165 -70.3396181738 -0.0660217120 -0.0671062118 0.4394490879 0.8933209888
1241.8577000000 -33.8417826228 -24.3822484303 -70.6804799235 -0.0728617150 -0.0534882078 0.4306986983 0.8979581357
1242.1077000000 -33.9013127359 -24.8823398574 -70.9869002183 -0.0524292400 -0.0599367874 0.4429321676 0.8930116747
1242.3577000000 -33.9414281116 -25.3805486745 -71.3387049367 -0.0765380363 -0.0663219006 0.4578732210 0.8832301217
1242.6077000000 -33.9579926204 -25.8779567313 -71.6362015548 -0.0611572099 -0.0659295111 0.4560671103 0.8853902451
1242.8577000000 -33.9729187095 -26.3849055236 -71.9838534034 -0.0757040075 -0.0694861959 0.4432857541 0.8904708373
1243.1077000000 -34.0076273311 -26.8994816789 -72.2891759085 -0.0621657056 -0.0646703062 0.4417609195 0.8926368055
1243.3577000000 -34.0500008256 -27.4167372298 -72.6348372923 -0.0713217323 -0.0714192731 0.4550395475 0.8847324500
1243.6077000000 -34.0784700552 -27.9304360532 -72.9451705309 -0.0634672332 -0.0722899785 0.4632430507 0.8809948611
1243.8577000000 -34.0900878188 -28.4526080590 -73.2802682446 -0.0631145271 -0.0679451573 0.4558796509 0.8851970154
1244.1077000000 -34.1202157654 -28.9892709417 -73.6142312241 -0.0654408209 -0.0695548729 0.4463290185 0.8897584087
1244.3577000000 -34.1689764055 -29.5389836829 -73.9464094280 -0.0576892622 -0.0694480993 0.4582688922 0.8842163383
1244.6077000000 -34.2104816499 -30.0877567514 -74.2767984459 -0.0702864928 -0.0799373905 0.4616439701 0.8806558166
1244.8578000000 -34.2455133970 -30.6442210793 -74.5854623137 -0.0510573368 -0.0826937240 0.4514862445 0.8869695978
1245.1078000000 -34.2852560602 -31.2176086462 -74.9434771998 -0.0708522611 -0.0786402280 0.4359761949 0.8937116029
1245.3578000000 -34.3441623609 -31.8035735794 -75.2479760708 -0.0575587029 -0.0755685086 0.4393442510 0.8932821644
1245.6078000000 -34.3998902868 -32.3875395311 -75.6004228785 -0.0826166525 -0.0752799082 0.4519445924 0.8850161070
1245.8578000000 -34.4491395723 -32.9614983935 -75.9051704764 -0.0746526158 -0.0874143243 0.4509738328 0.8851035674
1246.1078000000 -34.5035726316 -33.5435893117 -76.2566400885 -0.0763907387 -0.0795676157 0.4378010107 0.8922800707
1246.3578000000 -34.5804085880 -34.1254563512 -76.6026218810 -0.0701306282 -0.0782979341 0.4329467944 0.8952699044
1246.6078000000 -34.6664970502 -34.7029723222 -76.9579231446 -0.0681148068 -0.0800754123 0.4456913829 0.8889924030
1246.8578000000 -34.7398197046 -35.2679000388 -77.3016524246 -0.0847147080 -0.0774189220 0.4522899753 0.8844566168
1247.1078000000 -34.7968267244 -35.8277106097 -77.6364398761 -0.0637718085 -0.0691994756 0.4488426022 0.8886421706
1247.3578000000 -34.8607528143 -36.3924346657 -78.0024990659 -0.0833451345 -0.0714426998 0.4311540466 0.8955756346
1247.6078000000 -34.9426648693 -36.9489797416 -78.3423166197 -0.0638086847 -0.0719171770 0.4421781265 0.8917594271
1247.8578000000 -35.0039239613 -37.4879021787 -78.7173045594 -0.0910620403 -0.0720672113 0.4550378265 0.8828672597
1248.1078000000 -35.0498781602 -38.0141098837 -79.0386928786 -0.0633644790 -0.0742375567 0.4568191919 0.8841888678
1248.3578000000 -35.0837754060 -38.5575993900 -79.4136377579 -0.0800188368 -0.0735903000 0.4435023841 0.8896556012
1248.6078000000 -35.1255032521 -39.0990392480 -79.7370506874 -0.0627953849 -0.0785933307 0.4472507650 0.8887331327
1248.8578000000 -35.1557762709 -39.6244226019 -80.1167890596 -0.0877167736 -0.0820084051 0.4687862061 0.8751113541
1249.1078000000 -35.1682287093 -40.1332092946 -80.4438756224 -0.0638303522 -0.0765097566 0.4799654496 0.8716106415
1249.3578000000 -35.1681520827 -40.6438496585 -80.8166197177 -0.0703551519 -0.0687464992 0.4714585653 0.8763851280
1249.6078000000 -35.1820958824 -41.1665879934 -81.1540176480 -0.0685620706 -0.0674349431 0.4596539977 0.8828759671
1249.8578000000 -35.1898902954 -41.6856475074 -81.5307270125 -0.0753990047 -0.0685099037 0.4682891303 0.8776825586
1250.1078000000 -35.1842421848 -42.1878987062 -81.8596899793 -0.0736370931 -0.0816454646 0.4691638234 0.8762402088
1250.3578000000 -35.1733986518 -42.6835688691 -82.2233133880 -0.0650115093 -0.0814395180 0.4537749475 0.8850024890
1250.6078000000 -35.1834862916 -43.1880320832 -82.5846770513 -0.0704265118 -0.0804061236 0.4249382128 0.8988895800
1250.8578000000 -35.2083065276 -43.6912516399 -82.9463114629 -0.0686812482 -0.0867081140 0.4353306893 0.8934493718
1251.1078000000 -35.2045489568 -44.1856554042 -83.3031916198 -0.0763674496 -0.0807353959 0.4461419007 0.8880355921
1251.3578000000 -35.1815594672 -44.6754474423 -83.6516393038 -0.0607402956 -0.0836727736 0.4404663073 0.8917953328
1251.6078000000 -35.1654056904 -45.1746487728 -84.0248111389 -0.0711945268 -0.0797233393 0.4265277485 0.8981367425
1251.8578000000 -35.1667233114 -45.6786551438 -84.3781142319 -0.0570645541 -0.0796827135 0.4338686172 0.8956295690
1252.1078000000 -35.1504970352 -46.1774518925 -84.7525824679 -0.0817799406 -0.0812698397 0.4440938772 0.8885313066
1252.3578000000 -35.1160426904 -46.6735930545 -85.0755085952 -0.0526072455 -0.0839657230 0.4430702096 0.8909944020
1252.6078000000 -35.0867786471 -47.1776875547 -85.4584607574 -0.0784431703 -0.0805907927 0.4224964676 0.8993600658
1252.8578000000 -35.0927754158 -47.6845807340 -85.7946180619 -0.0578517613 -0.0877776729 0.4285495549 0.8973814868
1253.1078000000 -35.0872484845 -48.1803308883 -86.1830996562 -0.0874048193 -0.0893866454 0.4359743123 0.8912333164
1253.3578000000 -35.0663123712 -48.6603015638 -86.5150548112 -0.0662529720 -0.0868374590 0.4364252347 0.8930861179
1253.6078000000 -35.0410402619 -49.1316004507 -86.9088209572 -0.0756994468 -0.0883078732 0.4267927700 0.8968384719
1253.8578000000 -35.0383294774 -49.5988441187 -87.2604375244 -0.0619658522 -0.0910707275 0.4234425367 0.8992011865
1254.1078000000 -35.0386996138 -50.0562401047 -87.6544404648 -0.0778370768 -0.0977173011 0.4394437999 0.8895402550
1254.3578000000 -35.0326652688 -50.5071124743 -88.0078766387 -0.0654171245 -0.1005176058 0.4470071330 0.8864544172
1254.6078000000 -35.0180101472 -50.9660819347 -88.3886296030 -0.0660727627 -0.0993996927 0.4331997698 0.8933599781
1254.8578000000 -35.0184884846 -51.4355787762 -88.7677409822 -0.0675388195 -0.0894590933 0.4207567264 0.9002218369
1255.1078000000 -35.0309228591 -51.9056525418 -89.1491508458 -0.0587715816 -0.0971925705 0.4344497376 0.8935059770
1255.3578000000 -35.0189857937 -52.3713766208 -89.5268119239 -0.0688406514 -0.0906614589 0.4466145523 0.8874552982
1255.6078000000 -34.9824668971 -52.8410668506 -89.8836665399 -0.0481165263 -0.0908827153 0.4458772043 0.8891673918
1255.8578000000 -34.9386067402 -53.3255421101 -90.2687569968 -0.0710986359 -0.0807694009 0.4307341780 0.8960409342
1256.1078000000 -34.9060807608 -53.8126290644 -90.6189230258 -0.0660538786 -0.0860110598 0.4453996413 0.8887396369
1256.3578000000 -34.8624257213 -54.2797911172 -91.0023886738 -0.0856363394 -0.0910177585 0.4601119880 0.8790216969
1256.6078000000 -34.8048624429 -54.7295687522 -91.3456410390 -0.0640298465 -0.0900006599 0.4601685299 0.8809341542
1256.8578000000 -34.7415281906 -55.1782257509 -91.7499497960 -0.0805077566 -0.0874694255 0.4396629068 0.8902607085
1257.1078000000 -34.7009833531 -55.6295281254 -92.1028517592 -0.0630857299 -0.0939861100 0.4390551795 0.8913009319
1257.3578000000 -34.6560829027 -56.0679126812 -92.4963853457 -0.0852930465 -0.0971380125 0.4587407375 0.8791167377
1257.6078000000 -34.6041522705 -56.4888958156 -92.8386369006 -0.0752019492 -0.1007375355 0.4577847259 0.8801305360
1257.8578000000 -34.5475525351 -56.9122304247 -93.2275611264 -0.0800956300 -0.0945348388 0.4450590429 0.8868879877
1258.1078000000 -34.5100025974 -57.3384621884 -93.5967007957 -0.0705378582 -0.0945632586 0.4411378006 0.8896514158
1258.3578000000 -34.4747998382 -57.7558134918 -93.9885850189 -0.0778565000 -0.0993032852 0.4669272159 0.8752463642
1258.6078000000 -34.4196139598 -58.1553669499 -94.3563403540 -0.0745655212 -0.0989977061 0.4801190700 0.8684037747
1258.8578000000 -34.3542348292 -58.5509200375 -94.7357189981 -0.0649768745 -0.1032705893 0.4809958435 0.8681913324
1259.1078000000 -34.3030484528 -58.9552946488 -95.1237263308 -0.0670024874 -0.1008120227 0.4784772461 0.8697166940
1259.3578000000 -34.2625599506 -59.3674257577 -95.5017836334 -0.0651723321 -0.1027064701 0.5152066597 0.8483902675
1259.6078000000 -34.1981702637 -59.7655757004 -95.8866055011 -0.0801130601 -0.0995971290 0.5413245067 0.8310415681
1259.8578000000 -34.1039609753 -60.1664414038 -96.2500513947 -0.0546592560 -0.0970924494 0.5532989786 0.8254972212
1260.1078000000 -34.0006322459 -60.5893574572 -96.6488863708 -0.0728090059 -0.0941284815 0.5513950562 0.8257131279
1260.3578000000 -33.9053653380 -61.0321317880 -97.0023168541 -0.0587421267 -0.0912731436 0.5661393672 0.8171320534
1260.6078000000 -33.7810509280 -61.4690439604 -97.3915882332 -0.0878275154 -0.0955496233 0.5880472867 0.7983464070
1260.8578000000 -33.6276553157 -61.9012956884 -97.7328496318 -0.0544045864 -0.0913140042 0.5960069205 0.7959130884
1261.1078000000 -33.4397285639 -62.3437262948 -98.1253780541 -0.0767886641 -0.0856756687 0.5913433544 0.7981705445
1261.3578000000 -33.2440473867 -62.7933578548 -98.4627806269 -0.0567486409 -0.0826863583 0.6096538384 0.7862981338
1261.6078000000 -33.0268901865 -63.2453595009 -98.8406781238 -0.0751912764 -0.0848572469 0.6438960418 0.7566659811
1261.8578000000 -32.7725925507 -63.6971594760 -99.1697708715 -0.0550768423 -0.0816520803 0.6601785361 0.7446232468
1262.1079000000 -32.4906912211 -64.1686187878 -99.5342284087 -0.0657335305 -0.0813459987 0.6580510940 0.7456746537
1262.3579000000 -32.2026331319 -64.6561778652 -99.8684934148 -0.0679359935 -0.0752269033 0.6570264605 0.7470219836
1262.6079000000 -31.9019697527 -65.1428143283 -100.2237491997 -0.0675742619 -0.0812025352 0.6909919675 0.7151013693
1262.8579000000 -31.5679932955 -65.6028680522 -100.5603421812 -0.0683333659 -0.0747920364 0.7162859890 0.6904137052
1263.1079000000 -31.2040290415 -66.0514063083 -100.8960928990 -0.0649217269 -0.0717947171 0.7254916144 0.6813902006
1263.3579000000 -30.8074900058 -66.5040815790 -101.2418627513 -0.0746769782 -0.0709579519 0.7358626248 0.6692492177
1263.6079000000 -30.3985120946 -66.9662749945 -101.5598316287 -0.0588867074 -0.0660565177 0.7816193736 0.6174463919
1263.8579000000 -29.9491337326 -67.4072932038 -101.8995444313 -0.0792071234 -0.0704674911 0.8133203650 0.5720756490
1264.1079000000 -29.4682774069 -67.8248615108 -102.1937221478 -0.0578441387 -0.0583782925 0.8342121463 0.5452853616
1264.3579000000 -28.9355074608 -68.2412220973 -102.5277018053 -0.0778748272 -0.0570471382 0.8416959590 0.5312523392
1264.6079000000 -28.3655457257 -68.6551922807 -102.8073900010 -0.0608679312 -0.0448500037 0.8611341997 0.5027240419
1264.8579000000 -27.7538081794 -69.0519121451 -103.1152265318 -0.0787463813 -0.0524840377 0.8849239211 0.4560198319
1265.1079000000 -27.1097287536 -69.4024523509 -103.3787117538 -0.0625861987 -0.0411765898 0.9031247465 0.4227920866
1265.3579000000 -26.4188659085 -69.7308462701 -103.6760831445 -0.0623455295 -0.0350420809 0.9154695301 0.3959805891
1265.6079000000 -25.6832994167 -70.0650637749 -103.9444256810 -0.0559726593 -0.0290423914 0.9274550664 0.3685793005
1265.8579000000 -24.9031855289 -70.3998414859 -104.2163173841 -0.0636720820 -0.0318138596 0.9470635247 0.3130565837
1266.1079000000 -24.0897743530 -70.6952284493 -104.4649025181 -0.0590681277 -0.0249115369 0.9604160929 0.2710927887
1266.3579000000 -23.2363490376 -70.9598006294 -104.7025237841 -0.0632511885 -0.0248501851 0.9628697315 0.2612731053
1266.6079000000 -22.3423787171 -71.2384454723 -104.9515933408 -0.0767738538 -0.0211109568 0.9623461931 0.2599036506
1266.8579000000 -21.4124020801 -71.5118298878 -105.1751550857 -0.0685588333 0.0017164677 0.9740176383 0.2158387836
1267.1079000000 -20.4626062700 -71.7487642343 -105.4180471473 -0.0826135747 -0.0082891130 0.9803834701 0.1787583270
1267.3579000000 -19.5072922759 -71.9429856335 -105.6071486136 -0.0643632648 -0.0073270959 0.9850301312 0.1597476896
1267.6079000000 -18.5241782381 -72.1244807852 -105.8515337902 -0.0795070483 -0.0132666141 0.9833822907 0.1626711301
1267.8579000000 -17.5302470364 -72.2931287723 -106.0377607375 -0.0736735517 -0.0046734398 0.9879078131 0.1363397214
1268.1079000000 -16.5219042059 -72.4480273837 -106.2561655890 -0.0784198705 -0.0160870522 0.9930153246 0.0866723473
1268.3579000000 -15.5253307181 -72.5624603915 -106.4353339947 -0.0611585293 0.0029715485 0.9958986083 0.0666090554
1268.6079000000 -14.5011104608 -72.6461269138 -106.6442920241 -0.0693722893 -0.0150388628 0.9953904113 0.0644922256
1268.8579000000 -13.4536369376 -72.7250227965 -106.8316907491 -0.0800040756 -0.0050991372 0.9943114794 0.0701286574
1269.1079000000 -12.3926865214 -72.7926530790 -107.0329035936 -0.0907532768 -0.0064041685 0.9950410676 0.0402007857
1269.3579000000 -11.3611617210 -72.8253099008 -107.2272095886 -0.0685113123 0.0001808519 0.9974850248 0.0181601938
1269.6079000000 -10.3380117690 -72.8196983486 -107.4118123546 -0.0601632928 0.0127275672 0.9980644231 0.0092625360
1269.8579000000 -9.2930910071 -72.8039163228 -107.6194607520 -0.0847107741 -0.0108301246 0.9961512462 0.0197354456
1270.1079000000 -8.2313692339 -72.7814017795 -107.7846657298 -0.0690267210 0.0082931881 0.9975688037 0.0047975830
1270.3579000000 -7.1640683217 -72.7481807964 -107.9843750268 -0.0708671850 -0.0047837405 0.9974193351 -0.0104703306
1270.6079000000 -6.1006420283 -72.6813554366 -108.1322460459 -0.0552950003 0.0136544413 0.9983205692 -0.0105858527
1270.8579000000 -5.0030079631 -72.6062955458 -108.3221691056 -0.0733262882 -0.0040526525 0.9972683074 -0.0079217772
1271.1079000000 -3.8826902822 -72.5285668546 -108.4584678470 -0.0652700230 0.0153014633 0.9977312937 -0.0061607471
1271.3579000000 -2.7387880060 -72.4441477954 -108.6273356551 -0.0723711848 -0.0071771002 0.9971140182 -0.0217838361
1271.6079000000 -1.6087417139 -72.3381583966 -108.7491346542 -0.0650962057 0.0064376414 0.9975341040 -0.0254313205
1271.8579000000 -0.4670001605 -72.2140931127 -108.8992190440 -0.0832040026 0.0021229950 0.9965122017 -0.0060015534
1272.1079000000 0.6789053961 -72.0891436562 -109.0345304042 -0.0781218253 -0.0004656089 0.9969432229 0.0009869001
1272.3579000000 1.8240734401 -71.9674739402 -109.1878373056 -0.0686585372 0.0026034216 0.9973436127 -0.0241856517
1272.6079000000 2.9374527031 -71.8224182271 -109.3239967933 -0.0747160209 -0.0001371456 0.9965788835 -0.0353274169
1272.8579000000 4.0369441586 -71.6530351970 -109.4597584595 -0.0660160988 0.0078833828 0.9972466813 -0.0328448423
1273.1079000000 5.1350151504 -71.4814524827 -109.6147647867 -0.0816694855 0.0001897792 0.9962190353 -0.0296258811
1273.3579000000 6.2238620072 -71.3114698995 -109.7480461698 -0.0755968427 0.0070741045 0.9957890073 -0.0513743834
1273.6079000000 7.2855936139 -71.1295844763 -109.9026514333 -0.0855367535 -0.0087117127 0.9941544097 -0.0653037487
1273.8579000000 8.3122708608 -70.9188317080 -110.0255166810 -0.0654437533 0.0156436671 0.9954544242 -0.0674008917
1274.1079000000 9.3352591420 -70.7022416815 -110.2026453568 -0.0814530703 -0.0082652302 0.9943585961 -0.0674393487
1274.3579000000 10.3514692763 -70.4839281725 -110.3346179546 -0.0739131136 0.0127979566 0.9940489857 -0.0789916322
1274.6079000000 11.3595092275 -70.2546455772 -110.5111492188 -0.0735868935 -0.0007115675 0.9917375540 -0.1050765759
1274.8579000000 12.3332247632 -69.9966370326 -110.6401686425 -0.0593083739 0.0152665659 0.9927693844 -0.1032395180
1275.1079000000 13.3068035908 -69.7085886790 -110.8211658745 -0.0720845779 0.0092944901 0.9930102004 -0.0929955271
1275.3579000000 14.2834348561 -69.4177128470 -110.9554976589 -0.0703016484 0.0182355549 0.9928529551 -0.0947003290
1275.6079000000 15.2478490378 -69.1228795981 -111.1174703397 -0.0768089213 0.0004257008 0.9890719795 -0.1258444587
1275.8579000000 16.1571045647 -68.8181112556 -111.2587647763 -0.0838207696 0.0080814867 0.9864302268 -0.1409403270
1276.1079000000 17.0381389065 -68.4949668079 -111.4288956808 -0.0789048724 0.0028943950 0.9864732688 -0.1436528232
1276.3579000000 17.9031134991 -68.1793674816 -111.6077167295 -0.0878571505 0.0057027099 0.9857099265 -0.1436124685
1276.6079000000 18.7555511519 -67.8598232685 -111.7808889332 -0.0790907497 0.0130383113 0.9814430349 -0.1741959388
1276.8579000000 19.5517671007 -67.5330937532 -111.9645834763 -0.0852138310 -0.0004275073 0.9789308843 -0.1855606210
1277.1079000000 20.3028075808 -67.1915565050 -112.1487989037 -0.0674005145 0.0218765083 0.9804917309 -0.1833427248
1277.3579000000 21.0506806817 -66.8546268272 -112.3595911039 -0.0811663604 0.0018866439 0.9810985131 -0.1756535514
1277.6079000000 21.7993125268 -66.5231247368 -112.5281259222 -0.0710718088 0.0297068837 0.9771076527 -0.1983101969
1277.8579000000 22.5224937663 -66.1921911842 -112.7350169214 -0.0783290015 0.0047813931 0.9714683426 -0.2238101096
1278.1079000000 23.2094566775 -65.8394507359 -112.8829935232 -0.0670533887 0.0195594945 0.9705178246 -0.2306868469
1278.3579000000 23.9015842646 -65.4654998081 -113.1080497192 -0.0729470336 -0.0036759382 0.9759836698 -0.2052342419
1278.6079000000 24.5892052264 -65.0988005906 -113.2804355371 -0.0711190454 0.0102767990 0.9777567911 -0.1970485380
1278.8579000000 25.2677682234 -64.7376019317 -113.5023195571 -0.0712639125 0.0003993536 0.9717590618 -0.2249569316
1279.1079000000 25.9029734601 -64.3756073037 -113.6833113933 -0.0567121617 0.0130146127 0.9694295316 -0.2383710004
1279.3579000000 26.5301864688 -63.9968711172 -113.9061158147 -0.0505893297 0.0056520937 0.9668262221 -0.2503114656
1279.6080000000 27.1532259738 -63.6275999065 -114.1154509555 -0.0572049369 0.0156375018 0.9610958085 -0.2697738139
1279.8580000000 27.7776834680 -63.2709195228 -114.3307793064 -0.0604067375 0.0184834018 0.9461943283 -0.3173730976
1280.1080000000 28.3614428774 -62.9029916468 -114.5574062564 -0.0617804849 0.0155116080 0.9358150440 -0.3466882824
1280.3580000000 28.9024852575 -62.5157524998 -114.7808303407 -0.0568296572 0.0340883740 0.9312649568 -0.3582651993
1280.6080000000 29.4277928205 -62.1195035241 -115.0396404963 -0.0669792766 0.0119065219 0.9321479232 -0.3556293864
1280.8580000000 29.9430762298 -61.7095020663 -115.2525982192 -0.0679222281 0.0265406301 0.9254130231 -0.3718775370
1281.1080000000 30.4338471373 -61.3007800337 -115.5224264538 -0.0683381142 0.0064706171 0.9166387349 -0.3937784439
1281.3580000000 30.8805167426 -60.8978854549 -115.7463924602 -0.0582650543 0.0292663370 0.9180650181 -0.3910310571
1281.6080000000 31.3281394951 -60.4811913388 -116.0257297533 -0.0665009929 0.0061289033 0.9240369853 -0.3764248986
1281.8580000000 31.7826256104 -60.0647266424 -116.2583360148 -0.0675658470 0.0072622774 0.9268208643 -0.3693036706
1282.1080000000 32.2549637751 -59.6485659849 -116.5303552365 -0.0601350637 0.0171194984 0.9166417114 -0.3947893992
1282.3580000000 32.7004651724 -59.2310976520 -116.7723069208 -0.0485690100 0.0300895228 0.9123672634 -0.4053660673
1282.6080000000 33.1316531041 -58.7888585857 -117.0354852141 -0.0549487358 0.0233841243 0.9149357226 -0.3991571653
1282.8580000000 33.5625347592 -58.3478810722 -117.3061622447 -0.0703260776 0.0176886851 0.9132924407 -0.4007970447
1283.1080000000 33.9926755676 -57.8857574202 -117.5709145645 -0.0731103787 0.0317311029 0.8989277971 -0.4307862872
1283.3580000000 34.3869653721 -57.4342586925 -117.8512309471 -0.0627451024 0.0258527692 0.8868960612 -0.4569573975
1283.6080000000 34.7366787823 -56.9612096953 -118.1045176311 -0.0521398411 0.0464094688 0.8851434297 -0.4600529394
1283.8580000000 35.1003046375 -56.4680216159 -118.3985379916 -0.0651876654 0.0259603000 0.8887412341 -0.4530073399
1284.1080000000 35.4701702662 -55.9580372092 -118.6477604410 -0.0616323975 0.0451243526 0.8812912288 -0.4663593148
1284.3580000000 35.8285915866 -55.4465344137 -118.9460307359 -0.0691612755 0.0186166535 0.8732675587 -0.4819480357
1284.6080000000 36.1344556088 -54.9281649633 -119.1865570221 -0.0663209935 0.0469624492 0.8741614775 -0.4787878084
1284.8580000000 36.4327121473 -54.3950410088 -119.4874441622 -0.0670531165 0.0142565139 0.8788447259 -0.4721573670
1285.1080000000 36.7266722422 -53.8533119726 -119.7412163371 -0.0628413816 0.0305377511 0.8813483558 -0.4672723856
1285.3580000000 37.0188650303 -53.3280656033 -120.0439424013 -0.0577124265 0.0134184303 0.8732029194 -0.4837415457
1285.6080000000 37.2585276160 -52.8146954740 -120.3077509241 -0.0598077327 0.0370672350 0.8740629268 -0.4806901863
1285.8580000000 37.4714629226 -52.2914329084 -120.6183956135 -0.0561542150 0.0280172929 0.8815651764 -0.4678723920
1286.1080000000 37.6775054683 -51.7520471330 -120.9081586050 -0.0582487659 0.0351439359 0.8852665223 -0.4600816988
1286.3580000000 37.8922958688 -51.2009560846 -121.2080650190 -0.0473665379 0.0238714713 0.8745318901 -0.4820586448
1286.6080000000 38.0893219392 -50.6492278303 -121.5030967217 -0.0547576693 0.0159050597 0.8690588168 -0.4914116398
1286.8580000000 38.2630637561 -50.0954446123 -121.7963722003 -0.0467033471 0.0339609442 0.8729626085 -0.4843570333
1287.1080000000 38.4503496377 -49.5231312112 -122.1173027529 -0.0597070505 0.0117244457 0.8801225515 -0.4708310736
1287.3580000000 38.6513471495 -48.9400427291 -122.4007871976 -0.0511305359 0.0237977127 0.8789510850 -0.4735655471
1287.6080000000 38.8424113725 -48.3726624031 -122.7174209099 -0.0515770690 0.0076208471 0.8733001796 -0.4843846870
1287.8580000000 39.0000731081 -47.8036694189 -123.0019054822 -0.0535458849 0.0329469461 0.8753197767 -0.4794399081
1288.1080000000 39.1676691594 -47.2358741692 -123.3333662363 -0.0578519565 0.0108960376 0.8836848107 -0.4643657855
1288.3580000000 39.3404148440 -46.6568772008 -123.6135453497 -0.0596719913 0.0260671066 0.8866567580 -0.4578204374
1288.6080000000 39.5262299183 -46.1005994099 -123.9443569745 -0.0606274710 -0.0029381867 0.8835316020 -0.4644217749
1288.8580000000 39.6671395684 -45.5727482551 -124.2315412754 -0.0524352488 0.0206244637 0.8850474223 -0.4620781713
1289.1080000000 39.8071658159 -45.0649503854 -124.5644907338 -0.0549644923 0.0089085894 0.8860602496 -0.4602138370
1289.3580000000 39.9379587427 -44.5621830330 -124.8664812610 -0.0582300051 0.0173847243 0.8780861700 -0.4746279763
1289.6080000000 40.0672258047 -44.0875240766 -125.2009804413 0.0499032489 -0.0136626999 -0.8616406656 0.5048745981
1289.8580000000 40.1689851064 -43.6176098558 -125.5148516617 0.0465880430 -0.0189919807 -0.8534522014 0.5187371192
1290.1080000000 40.2517343155 -43.1519747473 -125.8465742032 0.0532127397 -0.0310195357 -0.8560804503 0.5131592884
1290.3580000000 40.3226130646 -42.6832056611 -126.1874632035 0.0544638013 -0.0056311969 -0.8606249721 0.5062871136
1290.6080000000 40.3845525252 -42.2193979421 -126.5079276403 0.0461436430 -0.0286283065 -0.8486749769 0.5261197277
1290.8580000000 40.4348475860 -41.7631210185 -126.8653859361 0.0467210775 -0.0093050243 -0.8347854017 0.5485106111
1291.1080000000 40.4564646574 -41.3089144134 -127.1781694696 0.0411782121 -0.0450265941 -0.8347761510 0.5471980797
1291.3580000000 40.4891112933 -40.8387015111 -127.5403769236 0.0458141026 -0.0046083569 -0.8450939137 0.5326313059
1291.6080000000 40.5321972530 -40.3577311700 -127.8483389707 0.0498379624 -0.0159292333 -0.8432308498 0.5349992252
1291.8580000000 40.5881974796 -39.8840733792 -128.2135676148 0.0423813519 0.0043563727 -0.8301353303 0.5559318091
1292.1080000000 40.6273282501 -39.4184548200 -128.5293732091 0.0422585108 -0.0270758017 -0.8306919778 0.5544654699
1292.3580000000 40.6691624187 -38.9384685648 -128.8840202642 0.0429018364 -0.0136438675 -0.8424934451 0.5368221981
1292.6080000000 40.7230359372 -38.4451330038 -129.2027003125 0.0543539931 -0.0182339629 -0.8476020010 0.5275263159
1292.8580000000 40.7866539429 -37.9481255913 -129.5528988033 0.0450942213 -0.0090412714 -0.8420348096 0.5374589714
1293.1080000000 40.8404207765 -37.4577614490 -129.8830517868 0.0428399250 -0.0164860979 -0.8439143033 0.5345106154
1293.3580000000 40.8932262114 -36.9604905013 -130.2218768969 0.0320702629 -0.0115451138 -0.8525435386 0.5215435968
1293.6080000000 40.9678352972 -36.4566631310 -130.5673634971 0.0459262423 -0.0121003201 -0.8630871438 0.5028170091
1293.8580000000 41.0533149486 -35.9537284935 -130.8962044895 0.0436435374 -0.0074109744 -0.8590611259 0.5099551951
1294.1080000000 41.1296085780 -35.4676470729 -131.2379345328 0.0415243467 0.0010948769 -0.8521064627 0.5217174580
1294.3580000000 41.1837384572 -34.9804872744 -131.5549521468 0.0452403040 -0.0165412228 -0.8576292689 0.5120075585
1294.6080000000 41.2598013354 -34.4996159077 -131.9155787995 -0.0501671756 -0.0074189544 0.8655618220 -0.4982278053
1294.8580000000 41.3464663391 -34.0221371358 -132.2332706915 0.0521227134 -0.0181424209 -0.8642559916 0.5000156561
1295.1080000000 41.4345152120 -33.5513488235 -132.5934259846 0.0563112751 0.0037241523 -0.8578142208 0.5108521641
1295.3580000000 41.4857927202 -33.0856436552 -132.9048202092 -0.0429809498 0.0086215828 0.8671323279 -0.4961449710
1295.6080000000 41.5451274512 -32.6290712612 -133.2669148142 -0.0421318170 -0.0137899844 0.8728721637 -0.4859309954
1295.8580000000 41.6225205255 -32.1814020041 -133.5950987400 -0.0462430227 0.0032602951 0.8732490297 -0.4850640014
1296.1080000000 41.7155962871 -31.7421017131 -133.9533624496 -0.0459822341 -0.0067813970 0.8670501718 -0.4960480283
1296.3580000000 41.7805220658 -31.2997426638 -134.2705078266 -0.0468634181 0.0007452438 0.8679730132 -0.4943946935
1296.6080000000 41.8395545567 -30.8689073273 -134.6237200702 -0.0504511296 -0.0091862247 0.8715848320 -0.4875553070
1296.8581000000 41.9131394448 -30.4537515996 -134.9583238973 -0.0531403650 -0.0209391303 0.8750500913 -0.4806505926
1297.1081000000 42.0002848705 -30.0739354540 -135.3166298315 -0.0497143239 -0.0133866745 0.8694971487 -0.4912473830
1297.3581000000 42.0545969616 -29.7235724935 -135.6655281115 -0.0446169158 -0.0174344692 0.8677984117 -0.4946021501
1297.6081000000 42.0887275781 -29.3974634849 -136.0284945252 -0.0664264093 -0.0001176284 0.8739290095 -0.4814930993
1297.8581000000 42.1195574719 -29.0777395113 -136.3948665351 -0.0622759702 -0.0181595969 0.8854119687 -0.4602581647
1298.1081000000 42.1522202401 -28.7762700034 -136.7509275142 -0.0383213991 0.0012601207 0.8825376803 -0.4686759277
1298.3581000000 42.1645026811 -28.4846958128 -137.1257702596 -0.0437121454 -0.0126579728 0.8771488278 -0.4780574840
1298.6081000000 42.1516003372 -28.2059595874 -137.4701567974 -0.0383928404 -0.0008406078 0.8778107085 -0.4774658555
1298.8581000000 42.1521816103 -27.9363416050 -137.8562561448 -0.0480518746 -0.0336676711 0.8828008256 -0.4660688871
1299.1081000000 42.1648229904 -27.6796115497 -138.2010693048 -0.0433680745 -0.0142004983 0.8774354345 -0.4775192291
1299.3581000000 42.1875527266 -27.4372234574 -138.6005198185 0.0378305288 0.0251260364 -0.8639903596 0.5014560717
1299.6081000000 42.1872953640 -27.2045756584 -138.9491934040 0.0261081651 0.0032215930 -0.8598994873 0.5097851085
1299.8581000000 42.2075066793 -26.9631444070 -139.3458077721 0.0392002541 0.0190427423 -0.8629854726 0.5033455951
1300.1081000000 42.2491713970 -26.7163714922 -139.7043301114 -0.0465587731 -0.0188631667 0.8698041910 -0.4908330989
1300.3581000000 42.3092807622 -26.4826418440 -140.1022467468 -0.0375798454 -0.0277215220 0.8660100096 -0.4978412757
1300.6081000000 42.3504703499 -26.2671343957 -140.4656957193 -0.0312552948 -0.0100772461 0.8674537072 -0.4964328972
1300.8581000000 42.3862824448 -26.0499325338 -140.8485191330 -0.0361618308 -0.0100256044 0.8700506201 -0.4915320210
1301.1081000000 42.4297374889 -25.8197374113 -141.2344367025 -0.0441117880 -0.0219537740 0.8751661387 -0.4813069828
1301.3581000000 42.4877150916 -25.5912698733 -141.6092315098 -0.0289984028 -0.0107758211 0.8665225734 -0.4981782854
1301.6081000000 42.5332565625 -25.3663012605 -141.9939089443 0.0297945035 0.0313706539 -0.8569367652 0.5136025216
1301.8581000000 42.5652635125 -25.1404397091 -142.3543513922 0.0287412549 0.0107184885 -0.8583443765 0.5121562121
1302.1081000000 42.6142405357 -24.9093622697 -142.7605930810 -0.0391224844 -0.0298246329 0.8687810122 -0.4927468673
1302.3581000000 42.6754140143 -24.6748482616 -143.1209266453 -0.0303569241 -0.0069548758 0.8670373693 -0.4972688278
1302.6081000000 42.7318170030 -24.4311162493 -143.5225573599 0.0267048370 0.0252739994 -0.8593440843 0.5100743294
1302.8581000000 42.7616711603 -24.1828700948 -143.8797033572 0.0215747887 0.0028117940 -0.8650398992 0.5012310796
1303.1081000000 42.7991493388 -23.9160349470 -144.2894769289 -0.0327080279 -0.0162014113 0.8712391803 -0.4894997343
1303.3581000000 42.8462538639 -23.6264068751 -144.6505075580 -0.0353065906 -0.0123723963 0.8729346495 -0.4864005203
1303.6081000000 42.9013256872 -23.3308248653 -145.0509824533 0.0268544582 0.0309622704 -0.8604956560 0.5078064610
1303.8581000000 42.9312598821 -23.0401693363 -145.4174770332 0.0232714552 0.0121391720 -0.8588507601 0.5115529804
1304.1081000000 42.9621194856 -22.7440292673 -145.8181855912 -0.0361792323 -0.0081344913 0.8687811918 -0.4938057654
1304.3581000000 42.9895062860 -22.4449581286 -146.2047357105 -0.0374398777 -0.0187974926 0.8730728022 -0.4857867761
1304.6081000000 43.0185011142 -22.1408608904 -146.5984218392 0.0273461649 0.0133148866 -0.8636497886 0.5031738702
1304.8581000000 43.0316207694 -21.8402729038 -146.9826321686 0.0281805958 0.0307040521 -0.8591429068 0.5100358624
1305.1081000000 43.0244310623 -21.5400927227 -147.3736983163 0.0264484113 0.0241604910 -0.8614037005 0.5066561131
1305.3581000000 43.0288990527 -21.2442962169 -147.7934424735 -0.0347980404 -0.0355910917 0.8649671190 -0.4993538362
1305.6081000000 43.0495937104 -20.9536803385 -148.1887608377 0.0178903032 0.0167521155 -0.8538078976 0.5200109400
1305.8581000000 43.0534933894 -20.6735426331 -148.6103289257 0.0143429630 0.0394585661 -0.8413016906 0.5389329888
1306.1081000000 43.0368546866 -20.3944866642 -149.0010071955 0.0098209814 0.0030076614 -0.8422035802 0.5390618070
1306.3581000000 43.0176002646 -20.0968457113 -149.4441320150 0.0071996353 0.0094387589 -0.8429415010 0.5378742427
1306.6081000000 42.9979324379 -19.7647924399 -149.8425729194 0.0210945954 -0.0188558992 -0.8334228245 0.5519111058
1306.8581000000 42.9578912479 -19.4116080916 -150.2790771884 0.0181261974 0.0057694493 -0.8145733247 0.5797486120
1307.1081000000 42.8629110126 -19.0331798198 -150.6709488882 0.0140418782 -0.0075965266 -0.8056026156 0.5922411200
1307.3581000000 42.7546446279 -18.6200036733 -151.1137825435 0.0242973267 0.0041426030 -0.8097325274 0.5862812574
1307.6081000000 42.6449730491 -18.1784672512 -151.5201758273 0.0323704827 -0.0071165725 -0.8060821067 0.5908748966
1307.8581000000 42.5300810204 -17.7216267991 -151.9403227063 0.0189735115 -0.0014163829 -0.7803608855 0.6250399092
1308.1081000000 42.3908596510 -17.2606523194 -152.3506756087 0.0229036232 -0.0039931973 -0.7758053855 0.6305437988
1308.3581000000 42.2288333716 -16.7739268767 -152.7672614742 0.0195351702 -0.0201547934 -0.7881445086 0.6148498963
1308.6081000000 42.0593974786 -16.2599887071 -153.1817069493 0.0184851712 -0.0039307706 -0.7957045623 0.6053900371
1308.8581000000 41.8872208947 -15.7281647111 -153.5827646647 0.0162218919 -0.0078924600 -0.7713080163 0.6362063371
1309.1081000000 41.6850954735 -15.1996266368 -154.0022497456 0.0137389350 0.0046626478 -0.7476192527 0.6639690915
1309.3581000000 41.4471849231 -14.6596553895 -154.3860177521 0.0101406475 -0.0282069663 -0.7449697173 0.6664245303
1309.6081000000 41.1945645515 -14.0889256869 -154.8192192988 0.0124281838 -0.0054965155 -0.7507813338 0.6604110215
1309.8581000000 40.9234680129 -13.4964977536 -155.2007420186 0.0075209190 -0.0261535823 -0.7282193997 0.6848035717
1310.1081000000 40.6428337553 -12.9070212457 -155.6313780711 0.0113844172 -0.0046082211 -0.6922220379 0.7215800784
1310.3581000000 40.3365199529 -12.3191818216 -156.0319900718 0.0083409513 -0.0128367049 -0.6638065966 0.7477475843
1310.6081000000 40.0174146546 -11.7138573502 -156.4658787773 0.0016505690 -0.0138586703 -0.6421459589 0.7664553349
1310.8581000000 39.7074099019 -11.0965544236 -156.8891524116 0.0081900141 -0.0131573176 -0.6151937507 0.7882236090
1311.1081000000 39.3928846078 -10.4540970710 -157.3146142490 0.0132104252 -0.0369281578 -0.5594199878 0.8279559608
1311.3581000000 39.0490172181 -9.8292829584 -157.7480284770 0.0032577069 -0.0281515298 -0.5300088533 0.8475184329
1311.6081000000 38.6658709126 -9.2173419357 -158.1516477520 0.0044197470 -0.0342928405 -0.5107462155 0.8590359540
1311.8581000000 38.2669915072 -8.5871483963 -158.5885527817 0.0113720149 -0.0159250428 -0.5072890508 0.8615537645
1312.1081000000 37.8553944047 -7.9324844714 -159.0050309841 0.0202108576 -0.0334855756 -0.5078899185 0.8605335950
1312.3581000000 37.4307120063 -7.2823951927 -159.4434902265 0.0428919028 -0.0529813246 -0.4787171146 0.8753189065
1312.6081000000 36.9818899223 -6.6692615742 -159.8806927709 0.0441163240 -0.0487084530 -0.4735271973 0.8783241030
1312.8581000000 36.4718818155 -6.0772783801 -160.2546392486 0.0359427525 -0.0462427046 -0.5119299255 0.8570282856
1313.1081000000 35.9576543966 -5.4923098940 -160.5567748527 0.0494751077 -0.0185781821 -0.5519402559 0.8322073172
1313.3581000000 35.5206344559 -4.9254341567 -160.8412063407 0.0685765968 0.0159082570 -0.5883957870 0.8055026850
1313.6081000000 35.1253835728 -4.4420615568 -161.1321861086 0.0801028808 0.0473396165 -0.6235023805 0.7762649488
1313.8581000000 34.7143849811 -4.0886798205 -161.4803942501 0.0739510552 0.0818523331 -0.6995782182 0.7059899104
1314.1081000000 34.3591100164 -3.8775577119 -161.8740899497 0.0437075946 0.0604622761 -0.7655941320 0.6389832426
1314.3582000000 34.0231400651 -3.7166346930 -162.2733230157 0.0212167369 0.0787603551 -0.8046998244 0.5880517401
1314.6082000000 33.7195371390 -3.5902648237 -162.6909179318 0.0213424262 0.0986378090 -0.8093674126 0.5785667420
1314.8582000000 33.4733612465 -3.5343863529 -163.1084115796 0.0282476058 0.1068249848 -0.8054386273 0.5822878267
