1202.1052000000 -0.0000000009 0.0256150587 -25.1330000008 0.0000000000 0.0000000000 0.0000000000 1.0000000000
1202.3552000000 0.0111035235 0.0341534118 -25.1159999999 0.0000000000 0.0000000000 0.0000000000 1.0000000000
1202.6052000000 0.0111035235 0.0256150585 -25.1129999990 0.0000000000 0.0000000000 0.0000000000 1.0000000000
1202.8552000000 0.0222070472 0.0170767058 -25.1009999995 0.0000000000 0.0000000000 0.0000000000 1.0000000000
1203.1052000000 0.0333105695 0.0085383537 -25.1050000002 0.0000000000 0.0000000000 0.0000000000 1.0000000000
1203.3552000000 0.0333105703 0.0170767062 -25.1139999997 0.0000000000 0.0000000000 0.0000000000 1.0000000000
1203.6052000000 0.0333105703 0.0256150587 -25.1569999993 0.0000000000 0.0000000000 0.0000000000 1.0000000000
1203.8552000000 0.0333105702 0.0341534123 -25.2599999998 0.0000000000 0.0000000000 0.0000000000 1.0000000000
1204.1052000000 0.0666211424 0.0426917650 -25.2909999997 0.0000000000 0.0000000000 0.0000000000 1.0000000000
1204.3552000000 0.1110352388 0.0512301196 -25.3249999979 0.0000000000 0.0000000000 0.0000000000 1.0000000000
1204.6052000000 0.1887599057 0.0256150590 -25.3259999976 0.0000000000 0.0000000000 0.0000000000 1.0000000000
1204.8552000000 0.3664162866 -0.0341534104 -25.2959999896 0.0000000000 0.0000000000 0.0000000000 1.0000000000
1205.1052000000 0.5107621015 -0.1195369384 -25.3419999787 0.0000000000 0.0000000000 0.0000000000 1.0000000000
1205.3552000000 0.5662797257 -0.1963821111 -25.3699999720 0.0000000000 0.0000000000 0.0000000000 1.0000000000
1205.6052000000 0.7106255465 -0.2988423405 -25.4279999538 0.0000000000 0.0000000000 0.0000000000 1.0000000000
1205.8552000000 0.8660748953 -0.3842258624 -25.4729999292 0.0000000000 0.0000000000 0.0000000000 1.0000000000
1206.1052000000 0.9549030966 -0.4013025646 -25.5229999155 0.0000000000 0.0000000000 0.0000000000 1.0000000000
1206.3552000000 0.9660066240 -0.4269176231 -25.5299999125 0.0000000000 0.0000000000 0.0000000000 1.0000000000
1206.6052000000 0.9882136759 -0.4781477365 -25.5429999046 0.0000000000 0.0000000000 0.0000000000 1.0000000000
1206.8552000000 1.0326277812 -0.4866860892 -25.5739998978 0.0000000000 0.0000000000 0.0000000000 1.0000000000
1207.1052000000 1.0215242571 -0.4610710327 -25.5919999010 0.0000000000 0.0000000000 0.0000000000 1.0000000000
1207.3552000000 1.0437313078 -0.4354559762 -25.6129998989 0.0000000000 0.0000000000 0.0000000000 1.0000000000
1207.6052000000 1.0548348410 -0.3671491607 -25.6949999019 0.0000000000 0.0000000000 0.0000000000 1.0000000000
1207.8552000000 1.0215242811 -0.3244574035 -25.7849999087 0.0000000000 0.0000000000 0.0000000000 1.0000000000
1208.1052000000 0.9215925571 -0.2646889391 -25.7989999273 0.0000000000 0.0000000000 0.0000000000 1.0000000000
1208.3552000000 0.9660066646 -0.2988423496 -25.8349999193 0.0000000000 0.0000000000 0.0000000000 1.0000000000
1208.6052000000 0.9660066639 -0.2903039972 -25.8359999204 0.0000000000 0.0000000000 0.0000000000 1.0000000000
1208.8552000000 0.9437996161 -0.2561505871 -25.8589999247 0.0000000000 0.0000000000 0.0000000000 1.0000000000
1209.1052000000 0.9215925645 -0.2049204707 -25.8629999297 0.0000000000 0.0000000000 0.0000000000 1.0000000000
1209.3552000000 0.9104890371 -0.1451519997 -25.8509999327 0.0000000000 0.0000000000 0.0000000000 1.0000000000
1209.6052000000 0.9104890467 -0.0939218831 -25.9259999342 0.0000000000 0.0000000000 0.0000000000 1.0000000000
1209.8552000000 0.8771784692 -0.0341534117 -25.9029999399 0.0000000000 0.0000000000 0.0000000000 1.0000000000
1210.1052000000 0.8105573175 0.0512301190 -25.8959999482 0.0000000000 0.0000000000 0.0000000000 1.0000000000
1210.3552000000 0.7106255934 0.1707670645 -25.8789999574 0.0000000000 0.0000000000 0.0000000000 1.0000000000
1210.6052000000 0.5551762564 0.2988423721 -25.9569999688 0.0000000000 0.0000000000 0.0000000000 1.0000000000
1210.8552000000 0.4663480555 0.3586108486 -25.9129999715 0.0000000000 0.0000000000 0.0000000000 1.0000000000
1211.1052000000 0.2997951884 0.4269176913 -25.9989999780 0.0000000000 0.0000000000 0.0000000000 1.0000000000
1211.3552000000 0.1776564196 0.5464546515 -25.9719999745 0.0000000000 0.0000000000 0.0000000000 1.0000000000
1211.6052000000 -0.0666211178 0.6916066810 -25.8879999623 0.0000000000 0.0000000000 0.0000000000 1.0000000000
1211.8552000000 -0.2109669336 0.7940669542 -25.9569999461 0.0000000000 0.0000000000 0.0000000000 1.0000000000
1212.1052000000 -0.4552444721 0.8879888788 -25.9409999222 0.0000000000 0.0000000000 0.0000000000 1.0000000000
1212.3552000000 -0.6995220158 1.0160642425 -26.0229998812 0.0000000000 0.0000000000 0.0000000000 1.0000000000
1212.6052000000 -0.9326960347 1.1270629011 -26.0779998322 0.0000000000 0.0000000000 0.0000000000 1.0000000000
1212.8552000000 -1.0881453723 1.2551382633 -26.1089997835 0.0000000000 0.0000000000 0.0000000000 1.0000000000
1213.1052000000 -1.3213193702 1.3575985549 -26.0319997169 0.0000000000 0.0000000000 0.0000000000 1.0000000000
1213.3552000000 -1.5322863386 1.4173670866 -26.0439996578 0.0000000000 0.0000000000 0.0000000000 1.0000000000
1213.6052000000 -1.7432533240 1.4771356345 -26.1129995891 0.0000000000 0.0000000000 0.0000000000 1.0000000000
1213.8552000000 -1.9986343877 1.5454425346 -26.1019994980 0.0000000000 0.0000000000 0.0000000000 1.0000000000
1214.1052000000 -2.1873943063 1.5881343556 -26.0979994261 0.0000000000 0.0000000000 0.0000000000 1.0000000000
1214.3552000000 -2.3872577854 1.6052111307 -26.1749993494 0.0000000000 0.0000000000 0.0000000000 1.0000000000
1214.6052000000 -2.6426388559 1.6308262516 -26.1569992427 0.0000000000 0.0000000000 0.0000000000 1.0000000000
1214.8552000000 -2.8091917832 1.5966728798 -26.2499991796 0.0000000000 0.0000000000 0.0000000000 1.0000000000
1215.1052000000 -3.0534693594 1.6222880168 -26.2939990617 0.0000000000 0.0000000000 0.0000000000 1.0000000000
1215.3552000000 -3.2311258031 1.5625195589 -26.3389989878 0.0000000000 0.0000000000 0.0000000000 1.0000000000
1215.6052000000 -3.4087822392 1.5112894508 -26.3679989077 0.0000000000 0.0000000000 0.0000000000 1.0000000000
1215.8552000000 -3.6308527884 1.4088291966 -26.3969988082 0.0000000000 0.0000000000 0.0000000000 1.0000000000
1216.1052000000 -3.8085092241 1.3575990815 -26.4199987159 0.0000000000 0.0000000000 0.0000000000 1.0000000000
1216.3552000000 -4.0972009003 1.2722155367 -26.4099985536 0.0000000000 0.0000000000 0.0000000000 1.0000000000
1216.6052000000 -4.1971327229 1.2124470615 -26.5319985001 0.0000000000 0.0000000000 0.0000000000 1.0000000000
1216.8552000000 -4.4747208287 1.1185251324 -26.4499983282 0.0000000000 0.0000000000 0.0000000000 1.0000000000
1217.1052000000 -4.6190668005 1.0075265008 -26.6169982427 0.0000000000 0.0000000000 0.0000000000 1.0000000000
1217.3552000000 -4.7967232140 0.9904498023 -26.6089981152 0.0000000000 0.0000000000 0.0000000000 1.0000000000
1217.6052000000 -5.0298973302 0.9136045974 -26.6839979466 0.0000000000 0.0000000000 0.0000000000 1.0000000000
1217.8552000000 -5.2186571441 0.8709127927 -26.5179977998 0.0000000000 0.0000000000 0.0000000000 1.0000000000
1218.1052000000 -5.4074170763 0.7513757589 -26.4929976571 0.0000000000 0.0000000000 0.0000000000 1.0000000000
1218.3552000000 -5.6183841334 0.6916072591 -26.5619974819 0.0000000000 0.0000000000 0.0000000000 1.0000000000
1218.6052000000 -5.9848004598 0.6233003958 -26.5239971541 0.0000000000 0.0000000000 0.0000000000 1.0000000000
1218.8552000000 -6.2512852750 0.5720702629 -26.7159969039 0.0000000000 0.0000000000 0.0000000000 1.0000000000
1219.1052000000 -6.5177699130 0.5208401092 -26.7209966398 0.0000000000 0.0000000000 0.0000000000 1.0000000000
1219.3552000000 -6.6732193304 0.3500728690 -26.7599964892 0.0000000000 0.0000000000 0.0000000000 1.0000000000
1219.6052000000 -6.8952899440 0.1963823498 -26.8349962597 0.0000000000 0.0000000000 0.0000000000 1.0000000000
1219.8552000000 -7.1062569437 0.0256150896 -26.8309960312 0.0000000000 0.0000000000 0.0000000000 1.0000000000
1220.1053000000 -7.2728099047 -0.1622289072 -26.8899958387 0.0000000000 0.0000000000 0.0000000000 1.0000000000
1220.3553000000 -7.4060520522 -0.4269181741 -26.7519956755 0.0000000000 0.0000000000 0.0000000000 1.0000000000
1220.6053000000 -7.4615697123 -0.6233005415 -26.7869955933 0.0000000000 0.0000000000 0.0000000000 1.0000000000
1220.8553000000 -7.5392944744 -0.8709131058 -26.8739954722 0.0000000000 0.0000000000 0.0000000000 1.0000000000
1221.1053000000 -7.6281226350 -1.1526791228 -26.8629953215 0.0000000000 0.0000000000 0.0000000000 1.0000000000
1221.3553000000 -7.7280541638 -1.4088300283 -26.7249951499 0.0000000000 0.0000000000 0.0000000000 1.0000000000
1221.6053000000 -7.7280542289 -1.7076727881 -26.8289950775 0.0000000000 0.0000000000 0.0000000000 1.0000000000
1221.8553000000 -7.7946751948 -1.9809004199 -26.7259949173 0.0000000000 0.0000000000 0.0000000000 1.0000000000
1222.1053000000 -7.9168136007 -2.2199745556 -26.4719946877 0.0000000000 0.0000000000 0.0000000000 1.0000000000
1222.3553000000 -7.9834346608 -2.4761254834 -26.4599945100 0.0000000000 0.0000000000 0.0000000000 1.0000000000
1222.6053000000 -7.9834345854 -2.7578914942 -26.4769943945 0.0000000000 0.0000000000 0.0000000000 1.0000000000
1222.8553000000 -7.9834346437 -3.0396575599 -26.6089942668 0.0000000000 0.0000000000 0.0000000000 1.0000000000
1223.1053000000 -8.0167451121 -3.3128852228 -26.6119940895 0.0000000000 0.0000000000 0.0000000000 1.0000000000
1223.3553000000 -8.0611591689 -3.5690361923 -26.6659938956 0.0000000000 0.0000000000 0.0000000000 1.0000000000
1223.6053000000 -8.0611591573 -3.8422639026 -26.7619937367 0.0000000000 0.0000000000 0.0000000000 1.0000000000
1223.8553000000 -8.1055730377 -4.1154915400 -26.6979935114 0.0000000000 0.0000000000 0.0000000000 1.0000000000
1224.1053000000 -8.1388835538 -4.3887192619 -26.7679932865 0.0000000000 0.0000000000 0.0000000000 1.0000000000
1224.3553000000 -8.1832975042 -4.6534085841 -26.7709930414 0.0000000000 0.0000000000 0.0000000000 1.0000000000
1224.6053000000 -8.1832974464 -4.9266363135 -26.8599928364 0.0000000000 0.0000000000 0.0000000000 1.0000000000
1224.8553000000 -8.1721937405 -5.1913256034 -26.8569926404 0.0000000000 0.0000000000 0.0000000000 1.0000000000
1225.1053000000 -8.1610900674 -5.4901683935 -26.9059924061 0.0000000000 0.0000000000 0.0000000000 1.0000000000
1225.3553000000 -8.1610898372 -5.7719344080 -26.8889921582 0.0000000000 0.0000000000 0.0000000000 1.0000000000
1225.6053000000 -8.1610896702 -6.0707772142 -26.9399918807 0.0000000000 0.0000000000 0.0000000000 1.0000000000
1225.8553000000 -8.1832964212 -6.3781583185 -26.9009915518 0.0000000000 0.0000000000 0.0000000000 1.0000000000
1226.1053000000 -8.1721926826 -6.6940778449 -26.9469912422 0.0000000000 0.0000000000 0.0000000000 1.0000000000
1226.3553000000 -8.1499855358 -6.9758439920 -27.0709909710 0.0000000000 0.0000000000 0.0000000000 1.0000000000
1226.6053000000 -8.2055028395 -7.2832251382 -27.0379905554 0.0000000000 0.0000000000 0.0000000000 1.0000000000
1226.8553000000 -8.1943989933 -7.6076829869 -27.0369901906 0.0000000000 0.0000000000 0.0000000000 1.0000000000
1227.1053000000 -8.1832951856 -7.8979873914 -27.0489898530 0.0000000000 0.0000000000 0.0000000000 1.0000000000
1227.3553000000 -8.1388809951 -8.2053687161 -27.2369895225 0.0000000000 0.0000000000 0.0000000000 1.0000000000
1227.6053000000 -8.1610877299 -8.5042115233 -27.2439891039 0.0000000000 0.0000000000 0.0000000000 1.0000000000
1227.8553000000 -8.1943980616 -8.8030544324 -27.3139886565 0.0000000000 0.0000000000 0.0000000000 1.0000000000
1228.1053000000 -8.2277082691 -9.1018972274 -27.2969881940 0.0000000000 0.0000000000 0.0000000000 1.0000000000
1228.3553000000 -8.2499148607 -9.4007399216 -27.2199877314 0.0000000000 0.0000000000 0.0000000000 1.0000000000
1228.6053000000 -8.2832251444 -9.6995828311 -27.2799872428 0.0000000000 0.0000000000 0.0000000000 1.0000000000
1228.8553000000 -8.2832248257 -10.0069640727 -27.3409867678 0.0000000000 0.0000000000 0.0000000000 1.0000000000
1229.1053000000 -8.3387420390 -10.2972685222 -27.3129862343 0.0000000000 0.0000000000 0.0000000000 1.0000000000
1229.3553000000 -8.3054311492 -10.5704962486 -27.3639858309 0.0000000000 0.0000000000 0.0000000000 1.0000000000
1229.6053000000 -8.3165343710 -10.8351856753 -27.4149853730 0.0000000000 0.0000000000 0.0000000000 1.0000000000
1229.8553000000 -8.3165339733 -11.1511052726 -27.4599848284 0.0000000000 0.0000000000 0.0000000000 1.0000000000
1230.1053000000 -8.3276372557 -11.4328715859 -27.5919843174 0.0000000000 0.0000000000 0.0000000000 1.0000000000
1230.3553000000 -8.3609474325 -11.6975609683 -27.5899837936 0.0000000000 0.0000000000 0.0000000000 1.0000000000
1230.6053000000 -8.3498434429 -12.0134805223 -27.6119832216 0.0000000000 0.0000000000 0.0000000000 1.0000000000
1230.8553000000 -8.4053605913 -12.3037850067 -27.5919825964 0.0000000000 0.0000000000 0.0000000000 1.0000000000
1231.1053000000 -8.4386706125 -12.6367813009 -27.5799819019 0.0000000000 0.0000000000 0.0000000000 1.0000000000
1231.3553000000 -8.4608770595 -12.9356239781 -27.4999812740 0.0000000000 0.0000000000 0.0000000000 1.0000000000
1231.6053000000 -8.4053590971 -13.2344669761 -27.6429807363 0.0000000000 0.0000000000 0.0000000000 1.0000000000
1231.8553000000 -8.4275657036 -13.5162331626 -27.6789801156 0.0000000000 0.0000000000 0.0000000000 1.0000000000
1232.1053000000 -8.4164616976 -13.8321528248 -27.7459794547 0.0000000000 0.0000000000 0.0000000000 1.0000000000
1232.3553000000 -8.4608752960 -14.0883038121 -27.7129788361 0.0000000000 0.0000000000 0.0000000000 1.0000000000
1232.6053000000 -8.4719782449 -14.3615314282 -27.6619782129 0.0000000000 0.0000000000 0.0000000000 1.0000000000
1232.8553000000 -8.4941847252 -14.6603742683 -27.6579775032 0.0000000000 0.0000000000 0.0000000000 1.0000000000
1233.1053000000 -8.5163912836 -14.9592172669 -27.7209767812 0.0000000000 0.0000000000 0.0000000000 1.0000000000
1233.3553000000 -8.5497013664 -15.2495219121 -27.7769760501 0.0000000000 0.0000000000 0.0000000000 1.0000000000
1233.6053000000 -8.6163218075 -15.5312878483 -27.6609752813 0.0000000000 0.0000000000 0.0000000000 1.0000000000
1233.8553000000 -8.6052177707 -15.8130540329 -27.7129746058 0.0000000000 0.0000000000 0.0000000000 1.0000000000
1234.1053000000 -8.6052171417 -16.0948200442 -27.6849739007 0.0000000000 0.0000000000 0.0000000000 1.0000000000
1234.3553000000 -8.6052165807 -16.3936630031 -27.7419731403 0.0000000000 0.0000000000 0.0000000000 1.0000000000
1234.6053000000 -8.6607336145 -16.6498140119 -27.7049724027 0.0000000000 0.0000000000 0.0000000000 1.0000000000
1234.8553000000 -8.6496293971 -16.9401183449 -27.6699716537 0.0000000000 0.0000000000 0.0000000000 1.0000000000
1235.1053000000 -8.6718359031 -17.2218846374 -27.7299708707 0.0000000000 0.0000000000 0.0000000000 1.0000000000
1235.3553000000 -8.7051459012 -17.4865741024 -27.7429701062 0.0000000000 0.0000000000 0.0000000000 1.0000000000
1235.6053000000 -8.7495594762 -17.7512637128 -27.7979693161 0.0000000000 0.0000000000 0.0000000000 1.0000000000
1235.8553000000 -8.7495588816 -18.0244915368 -27.8329685493 0.0000000000 0.0000000000 0.0000000000 1.0000000000
1236.1053000000 -8.8161791289 -18.2891804573 -27.6239677064 0.0000000000 0.0000000000 0.0000000000 1.0000000000
1236.3553000000 -8.8161785990 -18.5794852729 -27.7489668686 0.0000000000 0.0000000000 0.0000000000 1.0000000000
1236.6053000000 -8.8716955753 -18.8441747421 -27.7399660145 0.0000000000 0.0000000000 0.0000000000 1.0000000000
1236.8553000000 -8.9161089934 -19.1088641416 -27.7159651661 0.0000000000 0.0000000000 0.0000000000 1.0000000000
1237.1054000000 -8.9161083261 -19.4077071583 -27.7789642662 0.0000000000 0.0000000000 0.0000000000 1.0000000000
1237.3554000000 -8.9716253787 -19.6809352842 -27.8609633501 0.0000000000 0.0000000000 0.0000000000 1.0000000000
1237.6054000000 -9.0160385764 -19.9797779322 -27.7639623601 0.0000000000 0.0000000000 0.0000000000 1.0000000000
1237.8554000000 -9.0937626686 -20.2700829712 -27.8789613356 0.0000000000 0.0000000000 0.0000000000 1.0000000000
1238.1054000000 -9.1270724933 -20.5689259949 -27.9079603322 0.0000000000 0.0000000000 0.0000000000 1.0000000000
1238.3554000000 -9.1381752442 -20.8763073723 -27.9499593187 0.0000000000 0.0000000000 0.0000000000 1.0000000000
1238.6054000000 -9.1603816709 -21.1580738877 -28.0529583605 0.0000000000 0.0000000000 0.0000000000 1.0000000000
1238.8554000000 -9.1936912582 -21.4739933012 -27.9739572578 0.0000000000 0.0000000000 0.0000000000 1.0000000000
1239.1054000000 -9.2158974673 -21.7813746424 -27.9919561847 0.0000000000 0.0000000000 0.0000000000 1.0000000000
1239.3554000000 -9.2047930663 -22.0887558608 -28.0009551459 0.0000000000 0.0000000000 0.0000000000 1.0000000000
1239.6054000000 -9.2381029756 -22.3961377162 -28.1549540266 0.0000000000 0.0000000000 0.0000000000 1.0000000000
1239.8554000000 -9.2158949612 -22.7205956217 -28.1579529127 0.0000000000 0.0000000000 0.0000000000 1.0000000000
1240.1054000000 -9.2714116645 -23.0365154087 -28.1649516994 0.0000000000 0.0000000000 0.0000000000 1.0000000000
1240.3554000000 -9.2269966814 -23.3524351054 -28.2299506180 0.0000000000 0.0000000000 0.0000000000 1.0000000000
1240.6054000000 -9.2158923687 -23.6512782893 -28.3259495346 0.0000000000 0.0000000000 0.0000000000 1.0000000000
1240.8554000000 -9.2380982611 -23.9757359426 -28.2229482925 0.0000000000 0.0000000000 0.0000000000 1.0000000000
1241.1054000000 -9.3158220377 -24.2745791090 -28.2379470496 0.0000000000 0.0000000000 0.0000000000 1.0000000000
1241.3554000000 -9.3269246098 -24.5648835790 -28.2209459233 0.0000000000 0.0000000000 0.0000000000 1.0000000000
1241.6054000000 -9.3380271404 -24.8893417324 -28.2589446506 0.0000000000 0.0000000000 0.0000000000 1.0000000000
1241.8554000000 -9.3269227151 -25.1796463535 -28.2989435298 0.0000000000 0.0000000000 0.0000000000 1.0000000000
1242.1054000000 -9.3158181020 -25.5126427243 -28.3159422245 0.0000000000 0.0000000000 0.0000000000 1.0000000000
1242.3554000000 -9.3491275229 -25.8371006161 -28.2679408714 0.0000000000 0.0000000000 0.0000000000 1.0000000000
1242.6054000000 -9.3269195270 -26.1359436385 -28.3239396878 0.0000000000 0.0000000000 0.0000000000 1.0000000000
1242.8554000000 -9.3713327040 -26.4518638296 -28.4279383219 0.0000000000 0.0000000000 0.0000000000 1.0000000000
1243.1054000000 -9.3602277801 -26.7848594845 -28.2719369502 0.0000000000 0.0000000000 0.0000000000 1.0000000000
1243.3554000000 -9.4046409367 -27.0837027928 -28.3379356255 0.0000000000 0.0000000000 0.0000000000 1.0000000000
1243.6054000000 -9.4379502950 -27.4081606981 -28.2929341921 0.0000000000 0.0000000000 0.0000000000 1.0000000000
1243.8554000000 -9.3935352082 -27.7155421981 -28.3899329308 0.0000000000 0.0000000000 0.0000000000 1.0000000000
1244.1054000000 -9.4157411028 -28.0314618704 -28.3849315194 0.0000000000 0.0000000000 0.0000000000 1.0000000000
1244.3554000000 -9.4490505566 -28.3473817189 -28.4099300765 0.0000000000 0.0000000000 0.0000000000 1.0000000000
1244.6054000000 -9.4712563678 -28.6633012243 -28.3669286320 0.0000000000 0.0000000000 0.0000000000 1.0000000000
1244.8554000000 -9.4934622282 -28.9621439879 -28.3229272516 0.0000000000 0.0000000000 0.0000000000 1.0000000000
1245.1054000000 -9.5156684243 -29.2609878107 -28.5109258561 0.0000000000 0.0000000000 0.0000000000 1.0000000000
1245.3554000000 -9.5933916532 -29.5769069550 -28.3419242847 0.0000000000 0.0000000000 0.0000000000 1.0000000000
1245.6054000000 -9.5822873647 -29.8501356421 -28.5459230292 0.0000000000 0.0000000000 0.0000000000 1.0000000000
1245.8554000000 -9.6155967810 -30.1660556341 -28.5949214948 0.0000000000 0.0000000000 0.0000000000 1.0000000000
1246.1054000000 -9.6266990222 -30.5075906485 -28.6439198564 0.0000000000 0.0000000000 0.0000000000 1.0000000000
1246.3554000000 -9.6600086449 -30.7893574792 -28.7549184539 0.0000000000 0.0000000000 0.0000000000 1.0000000000
1246.6054000000 -9.6044902633 -31.0882017093 -29.0739170906 0.0000000000 0.0000000000 0.0000000000 1.0000000000
1246.8554000000 -9.6266959572 -31.4126597170 -29.0519154693 0.0000000000 0.0000000000 0.0000000000 1.0000000000
1247.1054000000 -9.6266945608 -31.7371175770 -29.0189138653 0.0000000000 0.0000000000 0.0000000000 1.0000000000
1247.3554000000 -9.6933145741 -32.0359610475 -29.0739122723 0.0000000000 0.0000000000 0.0000000000 1.0000000000
1247.6054000000 -9.7710378547 -32.3945731721 -29.1309103444 0.0000000000 0.0000000000 0.0000000000 1.0000000000
1247.8554000000 -9.7488295942 -32.6848777714 -29.1579088991 0.0000000000 0.0000000000 0.0000000000 1.0000000000
1248.1054000000 -9.7599316631 -33.0178741401 -29.1419071691 0.0000000000 0.0000000000 0.0000000000 1.0000000000
1248.3554000000 -9.7710336972 -33.3508704463 -29.1139054220 0.0000000000 0.0000000000 0.0000000000 1.0000000000
1248.6054000000 -9.8265497862 -33.7094822551 -29.1239034545 0.0000000000 0.0000000000 0.0000000000 1.0000000000
1248.8554000000 -9.8265485996 -34.0254026789 -29.2659017797 0.0000000000 0.0000000000 0.0000000000 1.0000000000
1249.1054000000 -9.8820645577 -34.3498601535 -29.1138999567 0.0000000000 0.0000000000 0.0000000000 1.0000000000
1249.3554000000 -9.8487527402 -34.6572418872 -29.2218983474 0.0000000000 0.0000000000 0.0000000000 1.0000000000
1249.6054000000 -9.9375793967 -34.9902384831 -29.1808963942 0.0000000000 0.0000000000 0.0000000000 1.0000000000
1249.8554000000 -9.9597851991 -35.3146974757 -29.3338945736 0.0000000000 0.0000000000 0.0000000000 1.0000000000
1250.1054000000 -10.0041979150 -35.6306176000 -29.3758927491 0.0000000000 0.0000000000 0.0000000000 1.0000000000
1250.3554000000 -10.0375073584 -35.9465386488 -29.5898909262 0.0000000000 0.0000000000 0.0000000000 1.0000000000
1250.6054000000 -10.0819199397 -36.2624583989 -29.5618890696 0.0000000000 0.0000000000 0.0000000000 1.0000000000
1250.8554000000 -10.1374361612 -36.5698401256 -29.5848872304 0.0000000000 0.0000000000 0.0000000000 1.0000000000
1251.1054000000 -10.1041240727 -36.9028368172 -29.6558853683 0.0000000000 0.0000000000 0.0000000000 1.0000000000
1251.3554000000 -10.1152259879 -37.2443718626 -29.6858833673 0.0000000000 0.0000000000 0.0000000000 1.0000000000
1251.6054000000 -10.1374316325 -37.5517536489 -29.7438815328 0.0000000000 0.0000000000 0.0000000000 1.0000000000
1251.8554000000 -10.1929474834 -37.8847498010 -29.6468794772 0.0000000000 0.0000000000 0.0000000000 1.0000000000
1252.1054000000 -10.1707390388 -38.2006701391 -29.7708776294 0.0000000000 0.0000000000 0.0000000000 1.0000000000
1252.3554000000 -10.1596339460 -38.5336669773 -29.8438756480 0.0000000000 0.0000000000 0.0000000000 1.0000000000
1252.6054000000 -10.2151502532 -38.8410494083 -29.9758736971 0.0000000000 0.0000000000 0.0000000000 1.0000000000
1252.8554000000 -10.4039089047 -39.1142782867 -29.9818717243 0.0000000000 0.0000000000 0.0000000000 1.0000000000
1253.1054000000 -10.4705286055 -39.4216603514 -30.0398697257 0.0000000000 0.0000000000 0.0000000000 1.0000000000
1253.3554000000 -10.5149410032 -39.7546570764 -30.0418675884 0.0000000000 0.0000000000 0.0000000000 1.0000000000
1253.6054000000 -10.5371465499 -40.0705774602 -30.1258655772 0.0000000000 0.0000000000 0.0000000000 1.0000000000
1253.8554000000 -10.5926625746 -40.3864976343 -30.1468634949 0.0000000000 0.0000000000 0.0000000000 1.0000000000
1254.1055000000 -10.6148681297 -40.7024181636 -30.2508614515 0.0000000000 0.0000000000 0.0000000000 1.0000000000
1254.3555000000 -10.6703844117 -41.0012623351 -30.3848594479 0.0000000000 0.0000000000 0.0000000000 1.0000000000
1254.6055000000 -10.6925896972 -41.3171819475 -30.3428573751 0.0000000000 0.0000000000 0.0000000000 1.0000000000
1254.8555000000 -10.6925881299 -41.6331023107 -30.4348553233 0.0000000000 0.0000000000 0.0000000000 1.0000000000
1255.1055000000 -10.7592077519 -41.9404845128 -30.5018532009 0.0000000000 0.0000000000 0.0000000000 1.0000000000
1255.3555000000 -10.8147235346 -42.2649426365 -30.4518509669 0.0000000000 0.0000000000 0.0000000000 1.0000000000
1255.6055000000 -10.7592043174 -42.5637857934 -30.5178490772 0.0000000000 0.0000000000 0.0000000000 1.0000000000
1255.8555000000 -10.7703059899 -42.8967824159 -30.5238468305 0.0000000000 0.0000000000 0.0000000000 1.0000000000
1256.1055000000 -10.7925110449 -43.2383171218 -30.4778444906 0.0000000000 0.0000000000 0.0000000000 1.0000000000
1256.3555000000 -10.8591307268 -43.5542384293 -30.6468422288 0.0000000000 0.0000000000 0.0000000000 1.0000000000
1256.6055000000 -10.8702326367 -43.8530819036 -30.7008401667 0.0000000000 0.0000000000 0.0000000000 1.0000000000
1256.8555000000 -10.8591275129 -44.1604640141 -30.8108380667 0.0000000000 0.0000000000 0.0000000000 1.0000000000
1257.1055000000 -10.9146432897 -44.4934610807 -30.8398356594 0.0000000000 0.0000000000 0.0000000000 1.0000000000
1257.3555000000 -10.9479523518 -44.7837666274 -30.9358335741 0.0000000000 0.0000000000 0.0000000000 1.0000000000
1257.6055000000 -10.9590539842 -45.0826091854 -30.8558314534 0.0000000000 0.0000000000 0.0000000000 1.0000000000
1257.8555000000 -10.9146380954 -45.4070678165 -30.9578292292 0.0000000000 0.0000000000 0.0000000000 1.0000000000
1258.1055000000 -10.9257398348 -45.7315266816 -31.0448268964 0.0000000000 0.0000000000 0.0000000000 1.0000000000
1258.3555000000 -10.8924271731 -46.0815999889 -31.0738244375 0.0000000000 0.0000000000 0.0000000000 1.0000000000
1258.6055000000 -10.8813216353 -46.4145965629 -31.0858220457 0.0000000000 0.0000000000 0.0000000000 1.0000000000
1258.8555000000 -10.8813200289 -46.7134405742 -31.2158198667 0.0000000000 0.0000000000 0.0000000000 1.0000000000
1259.1055000000 -10.9368361642 -46.9952080981 -31.3328177039 0.0000000000 0.0000000000 0.0000000000 1.0000000000
1259.3555000000 -11.0256627701 -47.2769753038 -31.3768154721 0.0000000000 0.0000000000 0.0000000000 1.0000000000
1259.6055000000 -11.0256613104 -47.5502043047 -31.5168134438 0.0000000000 0.0000000000 0.0000000000 1.0000000000
1259.8555000000 -10.8702098627 -47.8832004571 -31.5898112234 0.0000000000 0.0000000000 0.0000000000 1.0000000000
1260.1055000000 -10.8480013505 -48.1564295229 -31.7548092081 0.0000000000 0.0000000000 0.0000000000 1.0000000000
1260.3555000000 -10.8146889275 -48.4808886023 -31.8968068100 0.0000000000 0.0000000000 0.0000000000 1.0000000000
1260.6055000000 -10.7147553330 -48.7711930348 -31.9428047687 0.0000000000 0.0000000000 0.0000000000 1.0000000000
1260.8555000000 -10.6037184421 -49.0614985524 -32.1398027304 0.0000000000 0.0000000000 0.0000000000 1.0000000000
1261.1055000000 -10.4371637308 -49.3518031395 -32.2618007707 0.0000000000 0.0000000000 0.0000000000 1.0000000000
1261.3555000000 -10.3039195119 -49.6250301931 -32.2547988704 0.0000000000 0.0000000000 0.0000000000 1.0000000000
1261.6055000000 -10.2595038849 -49.8897206936 -32.4077968797 0.0000000000 0.0000000000 0.0000000000 1.0000000000
1261.8555000000 -10.0818457240 -50.1629485504 -32.5417950241 0.0000000000 0.0000000000 0.0000000000 1.0000000000
1262.1055000000 -10.0152233313 -50.3764086483 -32.6917934475 0.0000000000 0.0000000000 0.0000000000 1.0000000000
1262.3555000000 -9.8819796010 -50.6325610762 -32.9547916323 0.0000000000 0.0000000000 0.0000000000 1.0000000000
1262.6055000000 -9.7820465175 -50.8716366801 -33.1787898864 0.0000000000 0.0000000000 0.0000000000 1.0000000000
1262.8555000000 -9.6599061926 -51.0936339956 -33.2277883016 0.0000000000 0.0000000000 0.0000000000 1.0000000000
1263.1055000000 -9.4600413120 -51.3156319476 -33.4217868222 0.0000000000 0.0000000000 0.0000000000 1.0000000000
1263.3555000000 -9.2490726601 -51.5290899421 -33.4287854126 0.0000000000 0.0000000000 0.0000000000 1.0000000000
1263.6055000000 -9.1491384763 -51.8023144950 -33.0897833488 0.0000000000 0.0000000000 0.0000000000 1.0000000000
1263.8555000000 -8.8715490067 -51.9901582500 -33.2647822136 0.0000000000 0.0000000000 0.0000000000 1.0000000000
1264.1055000000 -8.6494773307 -52.1353094998 -33.3157813370 0.0000000000 0.0000000000 0.0000000000 1.0000000000
1264.3555000000 -8.3940945399 -52.3231511282 -33.2137801430 0.0000000000 0.0000000000 0.0000000000 1.0000000000
1264.6055000000 -8.0276769774 -52.4597633381 -33.3067794958 0.0000000000 0.0000000000 0.0000000000 1.0000000000
1264.8555000000 -7.7056733853 -52.5878359244 -33.2117788407 0.0000000000 0.0000000000 0.0000000000 1.0000000000
1265.1055000000 -7.3836702429 -52.6732176836 -33.2437785183 0.0000000000 0.0000000000 0.0000000000 1.0000000000
1265.3555000000 -7.0172535963 -52.7073711100 -33.5437786513 0.0000000000 0.0000000000 0.0000000000 1.0000000000
1265.6055000000 -6.6952502609 -52.8012903484 -33.4687782235 0.0000000000 0.0000000000 0.0000000000 1.0000000000
1265.8555000000 -6.3510404763 -52.8439813967 -33.6597782229 0.0000000000 0.0000000000 0.0000000000 1.0000000000
1266.1055000000 -6.0623483845 -52.8525174573 -33.6227784340 0.0000000000 0.0000000000 0.0000000000 1.0000000000
1266.3555000000 -5.7736561161 -52.8610518694 -33.3867786321 0.0000000000 0.0000000000 0.0000000000 1.0000000000
1266.6055000000 -5.4849642036 -52.8525116183 -33.4017789569 0.0000000000 0.0000000000 0.0000000000 1.0000000000
1266.8555000000 -5.1851684196 -52.8695848441 -33.2287790686 0.0000000000 0.0000000000 0.0000000000 1.0000000000
1267.1055000000 -4.8298555229 -52.8354296504 -33.3197796300 0.0000000000 0.0000000000 0.0000000000 1.0000000000
1267.3555000000 -4.5189566260 -52.8098121949 -33.2967800702 0.0000000000 0.0000000000 0.0000000000 1.0000000000
1267.6055000000 -4.2524720914 -52.7585803229 -33.3197806784 0.0000000000 0.0000000000 0.0000000000 1.0000000000
1267.8555000000 -3.9637802490 -52.7329627293 -33.2607810761 0.0000000000 0.0000000000 0.0000000000 1.0000000000
1268.1055000000 -3.6639848778 -52.7158843037 -33.3077813961 0.0000000000 0.0000000000 0.0000000000 1.0000000000
1268.3555000000 -3.4308109750 -52.6475745016 -33.1567820891 0.0000000000 0.0000000000 0.0000000000 1.0000000000
1268.6055000000 -3.1421198298 -52.5280354280 -33.1647832247 0.0000000000 0.0000000000 0.0000000000 1.0000000000
1268.8555000000 -2.8645318742 -52.4511873388 -33.0587839867 0.0000000000 0.0000000000 0.0000000000 1.0000000000
1269.1055000000 -2.5869441549 -52.3487252160 -33.0817849460 0.0000000000 0.0000000000 0.0000000000 1.0000000000
1269.3555000000 -2.2649426756 -52.1864938391 -33.0567863951 0.0000000000 0.0000000000 0.0000000000 1.0000000000
1269.6055000000 -2.0206661121 -52.0071872703 -33.1537879398 0.0000000000 0.0000000000 0.0000000000 1.0000000000
1269.8555000000 -1.8208030043 -51.9303418330 -33.3037886256 0.0000000000 0.0000000000 0.0000000000 1.0000000000
1270.1055000000 -1.5432156611 -51.7681109094 -33.2937900172 0.0000000000 0.0000000000 0.0000000000 1.0000000000
1270.3555000000 -1.2545247939 -51.6058805379 -33.3597913944 0.0000000000 0.0000000000 0.0000000000 1.0000000000
1270.6055000000 -0.9547304870 -51.4265729832 -33.3777928910 0.0000000000 0.0000000000 0.0000000000 1.0000000000
1270.8555000000 -0.6882466784 -51.2643427723 -33.4427942301 0.0000000000 0.0000000000 0.0000000000 1.0000000000
1271.1055000000 -0.4550732994 -51.1277275433 -33.4647953468 0.0000000000 0.0000000000 0.0000000000 1.0000000000
1271.3555000000 -0.1441753802 -50.9569587588 -33.5387967247 0.0000000000 0.0000000000 0.0000000000 1.0000000000
1271.6055000000 0.1223085077 -50.8032654975 -33.4227979501 0.0000000000 0.0000000000 0.0000000000 1.0000000000
1271.8555000000 0.3887922864 -50.6324969136 -33.4817992949 0.0000000000 0.0000000000 0.0000000000 1.0000000000
1272.1056000000 0.6441729278 -50.5214965923 -33.4948001533 0.0000000000 0.0000000000 0.0000000000 1.0000000000
1272.3556000000 0.9106569449 -50.3848813991 -33.5438012005 0.0000000000 0.0000000000 0.0000000000 1.0000000000
1272.6056000000 1.1660372984 -50.2311886634 -33.4788023701 0.0000000000 0.0000000000 0.0000000000 1.0000000000
1272.8556000000 1.3881070916 -50.0860345786 -33.4208034651 0.0000000000 0.0000000000 0.0000000000 1.0000000000
1273.1056000000 1.6323837975 -49.9152654367 -33.3838047435 0.0000000000 0.0000000000 0.0000000000 1.0000000000
1273.3556000000 1.8211430404 -49.7786502041 -33.3578057591 0.0000000000 0.0000000000 0.0000000000 1.0000000000
1273.6056000000 2.0321094316 -49.6505735457 -33.3768066921 0.0000000000 0.0000000000 0.0000000000 1.0000000000
1273.8556000000 2.2097650773 -49.4968827551 -33.4898078251 0.0000000000 0.0000000000 0.0000000000 1.0000000000
1274.1056000000 2.4429383993 -49.3346538385 -33.6798089941 0.0000000000 0.0000000000 0.0000000000 1.0000000000
1274.3556000000 2.6983187746 -49.1724240480 -33.7748101438 0.0000000000 0.0000000000 0.0000000000 1.0000000000
1274.6056000000 2.9203884949 -49.0101936174 -33.7578112923 0.0000000000 0.0000000000 0.0000000000 1.0000000000
1274.8556000000 3.1313545633 -48.8308864557 -33.7288125653 0.0000000000 0.0000000000 0.0000000000 1.0000000000
1275.1056000000 3.2979062027 -48.6003501705 -33.7978142390 0.0000000000 0.0000000000 0.0000000000 1.0000000000
1275.3556000000 3.5643898525 -48.4039657882 -33.7468155865 0.0000000000 0.0000000000 0.0000000000 1.0000000000
1275.6056000000 3.7309417547 -48.2161209903 -33.7718169118 0.0000000000 0.0000000000 0.0000000000 1.0000000000
1275.8556000000 3.8197691278 -48.0795057671 -33.6528178891 0.0000000000 0.0000000000 0.0000000000 1.0000000000
1276.1056000000 3.9974245133 -47.8745847340 -33.7498193190 0.0000000000 0.0000000000 0.0000000000 1.0000000000
1276.3556000000 4.0862517874 -47.7038174097 -33.8078205404 0.0000000000 0.0000000000 0.0000000000 1.0000000000
1276.6056000000 4.3083209387 -47.4391271992 -33.8528223651 0.0000000000 0.0000000000 0.0000000000 1.0000000000
1276.8556000000 4.4748732095 -47.3025128061 -33.9068232636 0.0000000000 0.0000000000 0.0000000000 1.0000000000
1277.1056000000 4.6303216349 -47.1146683950 -33.9698245404 0.0000000000 0.0000000000 0.0000000000 1.0000000000
1277.3556000000 4.7524592916 -46.9268226209 -33.8188258340 0.0000000000 0.0000000000 0.0000000000 1.0000000000
1277.6056000000 4.9634253375 -46.7475149600 -33.7068269883 0.0000000000 0.0000000000 0.0000000000 1.0000000000
1277.8556000000 5.0966666593 -46.5682082210 -33.6538281929 0.0000000000 0.0000000000 0.0000000000 1.0000000000
1278.1056000000 5.2299078016 -46.3547482978 -33.6338296359 0.0000000000 0.0000000000 0.0000000000 1.0000000000
1278.3556000000 5.3409417787 -46.1071360517 -33.7478313365 0.0000000000 0.0000000000 0.0000000000 1.0000000000
1278.6056000000 5.5519078406 -45.9192905820 -33.7048325090 0.0000000000 0.0000000000 0.0000000000 1.0000000000
1278.8556000000 5.7073560593 -45.7058303981 -33.6638339018 0.0000000000 0.0000000000 0.0000000000 1.0000000000
1279.1056000000 5.8517009584 -45.5179858442 -33.6898351140 0.0000000000 0.0000000000 0.0000000000 1.0000000000
1279.3556000000 5.9960458474 -45.3216031999 -33.7528363747 0.0000000000 0.0000000000 0.0000000000 1.0000000000
1279.6056000000 6.1181834217 -45.0825289525 -33.8228379502 0.0000000000 0.0000000000 0.0000000000 1.0000000000
1279.8556000000 6.1737001533 -44.8946858366 -33.9768392202 0.0000000000 0.0000000000 0.0000000000 1.0000000000
1280.1056000000 6.2847340744 -44.6385346999 -34.0128409078 0.0000000000 0.0000000000 0.0000000000 1.0000000000
1280.3556000000 6.3402502862 -44.3653077243 -34.1278427543 0.0000000000 0.0000000000 0.0000000000 1.0000000000
1280.6056000000 6.2736279850 -44.1774644305 -34.1558441236 0.0000000000 0.0000000000 0.0000000000 1.0000000000
1280.8556000000 6.3402479110 -43.9554665643 -34.1308455885 0.0000000000 0.0000000000 0.0000000000 1.0000000000
1281.1056000000 6.2958325008 -43.7163936547 -34.2558472737 0.0000000000 0.0000000000 0.0000000000 1.0000000000
1281.3556000000 6.3846597467 -43.5114732602 -34.3598485850 0.0000000000 0.0000000000 0.0000000000 1.0000000000
1281.6056000000 6.4179686598 -43.2040924808 -34.4048506378 0.0000000000 0.0000000000 0.0000000000 1.0000000000
1281.8556000000 6.5290026826 -42.9394035502 -34.5238523107 0.0000000000 0.0000000000 0.0000000000 1.0000000000
1282.1056000000 6.6400367497 -42.6576387093 -34.7638540846 0.0000000000 0.0000000000 0.0000000000 1.0000000000
1282.3556000000 6.7843820802 -42.5295626660 -34.7848547858 0.0000000000 0.0000000000 0.0000000000 1.0000000000
1282.6056000000 6.8510020668 -42.2648745253 -34.9868564698 0.0000000000 0.0000000000 0.0000000000 1.0000000000
1282.8556000000 6.7732757333 -41.9831092028 -34.9988584122 0.0000000000 0.0000000000 0.0000000000 1.0000000000
1283.1056000000 6.8065846786 -41.6757281826 -35.0098603890 0.0000000000 0.0000000000 0.0000000000 1.0000000000
1283.3556000000 6.9731368933 -41.4793460598 -35.1688614879 0.0000000000 0.0000000000 0.0000000000 1.0000000000
1283.6056000000 6.9620322378 -41.2402731647 -35.3368630480 0.0000000000 0.0000000000 0.0000000000 1.0000000000
1283.8556000000 7.0286519991 -40.9585071698 -35.3688647887 0.0000000000 0.0000000000 0.0000000000 1.0000000000
1284.1056000000 7.1729963173 -40.7023536638 -35.0598662644 0.0000000000 0.0000000000 0.0000000000 1.0000000000
1284.3556000000 7.3062373617 -40.3949731106 -35.2258680641 0.0000000000 0.0000000000 0.0000000000 1.0000000000
1284.6056000000 7.3839602472 -40.0961284096 -34.9468698576 0.0000000000 0.0000000000 0.0000000000 1.0000000000
1284.8556000000 7.4949940699 -39.7802089749 -35.0088717037 0.0000000000 0.0000000000 0.0000000000 1.0000000000
1285.1056000000 7.5949243230 -39.4813656312 -34.9598734388 0.0000000000 0.0000000000 0.0000000000 1.0000000000
1285.3556000000 7.7059584916 -39.3020579598 -34.7018744108 0.0000000000 0.0000000000 0.0000000000 1.0000000000
1285.6056000000 7.7725781892 -39.0288294984 -34.5888760052 0.0000000000 0.0000000000 0.0000000000 1.0000000000
1285.8556000000 7.7836803268 -38.7043731402 -34.7968779668 0.0000000000 0.0000000000 0.0000000000 1.0000000000
1286.1056000000 7.8169894317 -38.4140686039 -34.7598796778 0.0000000000 0.0000000000 0.0000000000 1.0000000000
1286.3556000000 7.8614021618 -38.0981499268 -34.8868815158 0.0000000000 0.0000000000 0.0000000000 1.0000000000
1286.6056000000 7.9058145324 -37.7566149859 -34.8138834897 0.0000000000 0.0000000000 0.0000000000 1.0000000000
1286.8556000000 7.8502955263 -37.4919262134 -34.8178851169 0.0000000000 0.0000000000 0.0000000000 1.0000000000
1287.1056000000 7.9058117919 -37.1589309330 -34.9758869938 0.0000000000 0.0000000000 0.0000000000 1.0000000000
1287.3556000000 7.9835349020 -36.8259343577 -34.9298888259 0.0000000000 0.0000000000 0.0000000000 1.0000000000
1287.6056000000 7.9835336012 -36.5527070027 -34.9428903958 0.0000000000 0.0000000000 0.0000000000 1.0000000000
1287.8556000000 7.9169110373 -36.2367889793 -35.0968922784 0.0000000000 0.0000000000 0.0000000000 1.0000000000
1288.1056000000 7.8724958049 -35.9891773201 -35.1848937328 0.0000000000 0.0000000000 0.0000000000 1.0000000000
1288.3556000000 7.8724945632 -35.6903355519 -35.3188954101 0.0000000000 0.0000000000 0.0000000000 1.0000000000
1288.6056000000 7.9058041687 -35.4683381774 -35.3338966066 0.0000000000 0.0000000000 0.0000000000 1.0000000000
1288.8556000000 7.8280786283 -35.2804952192 -35.4338977429 0.0000000000 0.0000000000 0.0000000000 1.0000000000
1289.1057000000 7.8613884821 -35.1011898115 -35.4818986890 0.0000000000 0.0000000000 0.0000000000 1.0000000000
1289.3557000000 7.7947665446 -34.9133470277 -35.6258998014 0.0000000000 0.0000000000 0.0000000000 1.0000000000
1289.6057000000 7.6948348676 -34.8962720313 -35.8569000148 0.0000000000 0.0000000000 0.0000000000 1.0000000000
1289.8557000000 7.8280757576 -34.4949694928 -36.0279020331 0.0000000000 0.0000000000 0.0000000000 1.0000000000
1290.1057000000 7.8280748419 -34.2302815867 -36.2549034573 0.0000000000 0.0000000000 0.0000000000 1.0000000000
1290.3557000000 7.6948315295 -34.0339003015 -36.3259046684 0.0000000000 0.0000000000 0.0000000000 1.0000000000
1290.6057000000 7.5837953203 -33.8289807808 -36.4409058907 0.0000000000 0.0000000000 0.0000000000 1.0000000000
1290.8557000000 7.6504158949 -33.5642934615 -36.8449072085 0.0000000000 0.0000000000 0.0000000000 1.0000000000
1291.1057000000 7.7059325506 -33.3679100687 -36.6789081698 0.0000000000 0.0000000000 0.0000000000 1.0000000000
1291.3557000000 7.6948277246 -33.1544496277 -36.3909092941 0.0000000000 0.0000000000 0.0000000000 1.0000000000
1291.6057000000 7.7281370581 -32.8470686990 -36.4209108435 0.0000000000 0.0000000000 0.0000000000 1.0000000000
1291.8557000000 7.7281356464 -32.5226109646 -36.4059125038 0.0000000000 0.0000000000 0.0000000000 1.0000000000
1292.1057000000 7.6837199010 -32.1639998617 -36.3669143725 0.0000000000 0.0000000000 0.0000000000 1.0000000000
1292.3557000000 7.6170976451 -31.8736968583 -36.5549159084 0.0000000000 0.0000000000 0.0000000000 1.0000000000
1292.6057000000 7.6393032487 -31.5492385529 -36.4449174940 0.0000000000 0.0000000000 0.0000000000 1.0000000000
1292.8557000000 7.6170949872 -31.2162434331 -36.6109191550 0.0000000000 0.0000000000 0.0000000000 1.0000000000
1293.1057000000 7.6393004736 -30.8576316768 -36.4959208731 0.0000000000 0.0000000000 0.0000000000 1.0000000000
1293.3557000000 7.6392991688 -30.5160975781 -36.5559225131 0.0000000000 0.0000000000 0.0000000000 1.0000000000
1293.6057000000 7.6059874634 -30.1745644605 -36.7969241750 0.0000000000 0.0000000000 0.0000000000 1.0000000000
1293.8557000000 7.5948827783 -29.8757220522 -36.8289255928 0.0000000000 0.0000000000 0.0000000000 1.0000000000
1294.1057000000 7.5837777977 -29.5427255177 -36.7139271544 0.0000000000 0.0000000000 0.0000000000 1.0000000000
1294.3557000000 7.5171554752 -29.2268070774 -36.8499286871 0.0000000000 0.0000000000 0.0000000000 1.0000000000
1294.6057000000 7.5171542788 -28.9108877887 -36.8589301258 0.0000000000 0.0000000000 0.0000000000 1.0000000000
1294.8557000000 7.5171530021 -28.5693534292 -36.8699316623 0.0000000000 0.0000000000 0.0000000000 1.0000000000
1295.1057000000 7.5393590317 -28.2790491944 -36.8919329291 0.0000000000 0.0000000000 0.0000000000 1.0000000000
1295.3557000000 7.4949437198 -27.9545919047 -36.9459344101 0.0000000000 0.0000000000 0.0000000000 1.0000000000
1295.6057000000 7.4505285312 -27.6472115039 -37.0409357990 0.0000000000 0.0000000000 0.0000000000 1.0000000000
1295.8557000000 7.4394237835 -27.3227537306 -37.0149372086 0.0000000000 0.0000000000 0.0000000000 1.0000000000
1296.1057000000 7.4505261482 -27.0068341605 -36.9699385386 0.0000000000 0.0000000000 0.0000000000 1.0000000000
1296.3557000000 7.4061108217 -26.6823766057 -36.9669399552 0.0000000000 0.0000000000 0.0000000000 1.0000000000
1296.6057000000 7.3950062859 -26.3749959507 -37.0359412453 0.0000000000 0.0000000000 0.0000000000 1.0000000000
1296.8557000000 7.4505228305 -26.0505378447 -36.9839425112 0.0000000000 0.0000000000 0.0000000000 1.0000000000
1297.1057000000 7.4172114017 -25.7773108904 -37.0999436582 0.0000000000 0.0000000000 0.0000000000 1.0000000000
1297.3557000000 7.4727279824 -25.4613910934 -37.0329448603 0.0000000000 0.0000000000 0.0000000000 1.0000000000
1297.6057000000 7.4283129270 -25.1625490150 -37.1329460977 0.0000000000 0.0000000000 0.0000000000 1.0000000000
1297.8557000000 7.4172085858 -24.8637070448 -37.2919472808 0.0000000000 0.0000000000 0.0000000000 1.0000000000
1298.1057000000 7.4172077586 -24.5819414273 -37.3679483715 0.0000000000 0.0000000000 0.0000000000 1.0000000000
1298.3557000000 7.4061034269 -24.3343290223 -37.3759493325 0.0000000000 0.0000000000 0.0000000000 1.0000000000
1298.6057000000 7.3838955599 -24.0611018370 -37.4549503936 0.0000000000 0.0000000000 0.0000000000 1.0000000000
1298.8557000000 7.3061701035 -23.8476431561 -37.4829512832 0.0000000000 0.0000000000 0.0000000000 1.0000000000
1299.1057000000 7.3061693378 -23.5658775933 -37.5809523299 0.0000000000 0.0000000000 0.0000000000 1.0000000000
1299.3557000000 7.2950649469 -23.2584969327 -37.6679534682 0.0000000000 0.0000000000 0.0000000000 1.0000000000
1299.6057000000 7.2839604219 -22.9340392436 -37.6729546550 0.0000000000 0.0000000000 0.0000000000 1.0000000000
1299.8557000000 7.2506490942 -22.6778887323 -37.7399556078 0.0000000000 0.0000000000 0.0000000000 1.0000000000
1300.1057000000 7.2395447121 -22.3448931166 -37.8709567942 0.0000000000 0.0000000000 0.0000000000 1.0000000000
1300.3557000000 7.3283722255 -22.0289736729 -37.9299577888 0.0000000000 0.0000000000 0.0000000000 1.0000000000
1300.6057000000 7.3727851308 -21.6874381938 -37.6719589068 0.0000000000 0.0000000000 0.0000000000 1.0000000000
1300.8557000000 7.3949915633 -21.3971343135 -37.8129598608 0.0000000000 0.0000000000 0.0000000000 1.0000000000
1301.1057000000 7.3394734308 -21.1665993949 -38.0219606925 0.0000000000 0.0000000000 0.0000000000 1.0000000000
1301.3557000000 7.3505762354 -20.8848335242 -38.0539616069 0.0000000000 0.0000000000 0.0000000000 1.0000000000
1301.6057000000 7.3616791941 -20.6286829428 -38.1499624272 0.0000000000 0.0000000000 0.0000000000 1.0000000000
1301.8557000000 7.4060923103 -20.2871479253 -38.0199634693 0.0000000000 0.0000000000 0.0000000000 1.0000000000
1302.1057000000 7.3838844943 -19.9968437978 -38.0579644112 0.0000000000 0.0000000000 0.0000000000 1.0000000000
1302.3557000000 7.4505048802 -19.6809240529 -37.9999653146 0.0000000000 0.0000000000 0.0000000000 1.0000000000
1302.6057000000 7.4282971114 -19.3564667654 -38.1339663327 0.0000000000 0.0000000000 0.0000000000 1.0000000000
1302.8557000000 7.3727790140 -19.0832401549 -38.4139672184 0.0000000000 0.0000000000 0.0000000000 1.0000000000
1303.1057000000 7.3283641862 -18.8185510790 -38.4309680544 0.0000000000 0.0000000000 0.0000000000 1.0000000000
1303.3557000000 7.3172599478 -18.5197085206 -38.4669689417 0.0000000000 0.0000000000 0.0000000000 1.0000000000
1303.6057000000 7.3394662662 -18.1952507045 -38.4729698486 0.0000000000 0.0000000000 0.0000000000 1.0000000000
1303.8557000000 7.2506373750 -17.9049470117 -38.6249707708 0.0000000000 0.0000000000 0.0000000000 1.0000000000
1304.1057000000 7.2062225876 -17.6317195974 -38.6599715810 0.0000000000 0.0000000000 0.0000000000 1.0000000000
1304.3557000000 7.0507728844 -17.4609535635 -38.9779722244 0.0000000000 0.0000000000 0.0000000000 1.0000000000
1304.6057000000 7.0396686510 -17.1535725313 -38.9899730709 0.0000000000 0.0000000000 0.0000000000 1.0000000000
1304.8557000000 7.0285644623 -16.9144981227 -38.8949737200 0.0000000000 0.0000000000 0.0000000000 1.0000000000
1305.1057000000 6.8842180299 -16.5985799109 -39.2499747063 0.0000000000 0.0000000000 0.0000000000 1.0000000000
1305.3557000000 6.7620785639 -16.3168145714 -39.4129755629 0.0000000000 0.0000000000 0.0000000000 1.0000000000
1305.6057000000 6.7620781587 -16.0435873250 -39.5789762563 0.0000000000 0.0000000000 0.0000000000 1.0000000000
1305.8557000000 6.6288352936 -15.8130522382 -39.7749769713 0.0000000000 0.0000000000 0.0000000000 1.0000000000
1306.1058000000 6.4955924042 -15.5312871329 -40.0509778013 0.0000000000 0.0000000000 0.0000000000 1.0000000000
1306.3558000000 6.3956600752 -15.2239067363 -40.2889786407 0.0000000000 0.0000000000 0.0000000000 1.0000000000
1306.6058000000 6.3845559808 -14.9165257305 -40.3539793776 0.0000000000 0.0000000000 0.0000000000 1.0000000000
1306.8558000000 6.3956594608 -14.6945290171 -40.7139798813 0.0000000000 0.0000000000 0.0000000000 1.0000000000
1307.1058000000 6.2957268953 -14.3956862864 -40.6759806604 0.0000000000 0.0000000000 0.0000000000 1.0000000000
1307.3558000000 6.2624157168 -14.1480735786 -40.6149812478 0.0000000000 0.0000000000 0.0000000000 1.0000000000
1307.6058000000 6.1624831283 -13.8406924086 -40.5449820179 0.0000000000 0.0000000000 0.0000000000 1.0000000000
1307.8558000000 6.1069649800 -13.5247733213 -40.7249827489 0.0000000000 0.0000000000 0.0000000000 1.0000000000
1308.1058000000 6.0958607015 -13.2430067259 -40.4819833500 0.0000000000 0.0000000000 0.0000000000 1.0000000000
1308.3558000000 6.0181353455 -12.9783173914 -40.4329839682 0.0000000000 0.0000000000 0.0000000000 1.0000000000
1308.6058000000 5.9515135901 -12.7050897855 -40.4419845784 0.0000000000 0.0000000000 0.0000000000 1.0000000000
1308.8558000000 5.9182025466 -12.4489389007 -40.4749851136 0.0000000000 0.0000000000 0.0000000000 1.0000000000
1309.1058000000 5.7849595489 -12.2013264964 -40.4859857150 0.0000000000 0.0000000000 0.0000000000 1.0000000000
1309.3558000000 5.6961307788 -11.9280990261 -40.5589863124 0.0000000000 0.0000000000 0.0000000000 1.0000000000
1309.6058000000 5.5295771837 -11.7061017555 -40.5699868700 0.0000000000 0.0000000000 0.0000000000 1.0000000000
1309.8558000000 5.3630235504 -11.4584893569 -40.5739874602 0.0000000000 0.0000000000 0.0000000000 1.0000000000
1310.1058000000 5.1853665220 -11.3133373676 -40.5719878663 0.0000000000 0.0000000000 0.0000000000 1.0000000000
1310.3558000000 4.9966059002 -11.1084169044 -40.6229883774 0.0000000000 0.0000000000 0.0000000000 1.0000000000
1310.6058000000 4.8411559972 -10.9120348648 -40.7419888356 0.0000000000 0.0000000000 0.0000000000 1.0000000000
1310.8558000000 4.7190166742 -10.7156525990 -40.7639892617 0.0000000000 0.0000000000 0.0000000000 1.0000000000
1311.1058000000 4.5746701872 -10.5107318615 -40.7089897051 0.0000000000 0.0000000000 0.0000000000 1.0000000000
1311.3558000000 4.4414273466 -10.3228879929 -40.7469901073 0.0000000000 0.0000000000 0.0000000000 1.0000000000
1311.6058000000 4.3192880332 -10.1777357494 -40.6619904249 0.0000000000 0.0000000000 0.0000000000 1.0000000000
1311.8558000000 4.2193558164 -10.0155067662 -40.5949907473 0.0000000000 0.0000000000 0.0000000000 1.0000000000
1312.1058000000 4.1194235717 -9.8276626733 -40.5259911052 0.0000000000 0.0000000000 0.0000000000 1.0000000000
1312.3558000000 4.0194914255 -9.6995871999 -40.4829913646 0.0000000000 0.0000000000 0.0000000000 1.0000000000
1312.6058000000 3.9639734101 -9.5629731490 -40.3379916065 0.0000000000 0.0000000000 0.0000000000 1.0000000000
1312.8558000000 3.9195589527 -9.4434357821 -40.1639918110 0.0000000000 0.0000000000 0.0000000000 1.0000000000
1313.1058000000 3.8529372615 -9.2982830838 -39.8119920655 0.0000000000 0.0000000000 0.0000000000 1.0000000000
1313.3558000000 3.9306618513 -9.1958222651 -39.5999921652 0.0000000000 0.0000000000 0.0000000000 1.0000000000
1313.6058000000 3.9972829250 -9.1360532717 -39.3639922091 0.0000000000 0.0000000000 0.0000000000 1.0000000000
1313.8558000000 4.0083862886 -9.1104378062 -39.1189922385 0.0000000000 0.0000000000 0.0000000000 1.0000000000
1314.1058000000 4.0528003691 -9.1189758486 -38.9289921976 0.0000000000 0.0000000000 0.0000000000 1.0000000000
1314.3558000000 4.1083180291 -9.1104372643 -38.8229921755 0.0000000000 0.0000000000 0.0000000000 1.0000000000
1314.6058000000 4.1416285081 -9.0592068014 -38.6659922277 0.0000000000 0.0000000000 0.0000000000 1.0000000000
1314.8558000000 4.1749390310 -9.0165147831 -38.5619922653 0.0000000000 0.0000000000 0.0000000000 1.0000000000
